10
1 25
1 25
1 25
1 25
1 25
1 25
1 25
1 25
1 25
1 2510
1 25
1 25
1 25
1 25
1 25
1 25
1 25
1 25
1 25
1 2510
1 25
1 25
1 25
1 25
1 25
1 25
1 25
1 25
1 25
1 2510
1 25
1 25
1 25
1 25
1 25
1 25
1 25
1 25
1 25
1 2510
1 25
1 25
1 25
1 25
1 25
1 25
1 25
1 25
1 25
1 2510
1 25
1 25
1 25
1 25
1 25
1 25
1 25
1 25
1 25
1 2510
1 25
1 25
1 25
1 25
1 25
1 25
1 25
1 25
1 25
1 2510
1 25
1 25
1 25
1 25
1 25
1 25
1 25
1 25
1 25
1 2510
1 25
1 25
1 25
1 25
1 25
1 25
1 25
1 25
1 25
1 2510
1 25
1 25
1 25
1 25
1 25
1 25
1 25
1 25
1 25
1 25
