2
0 0
0 1
0 0
1 0

3
0 0
0 0
-1 1
1 1
-1 -1
1 -1

1
0 0.0
0.0 0

8
0 1 -0.5
0.8660254000 -0.5 -0.5
-0.8660254000 -0.5 -0.5
0 1 0.5
0.8660254000 -0.5 0.5
-0.8660254000 -0.5 0.5
-0.2886751359 0.8333333333 -0.3726779953
0.5773502641 -0.6666666667 -0.3726779953
-0.5773502641 -0.3333333333 0.3726779953
-0.2886751359 0.8333333333 0.3726779953
0.5773502641 -0.6666666667 0.3726779953
-0.5773502641 -0.3333333333 -0.3726779953
0 0.6666666667 -0.3726779962
0.8660254000 -0.1666666667 0.3726779962
-0.8660254000 -0.1666666667 0.3726779962
0 0.6666666667 0.3726779962
0.8660254000 -0.1666666667 -0.3726779962
-0.8660254000 -0.1666666667 -0.3726779962
0.2886751359 0.8333333333 -0.3726779953
0.5773502641 -0.3333333333 0.3726779953
-0.5773502641 -0.6666666667 -0.3726779953
0.2886751359 0.8333333333 0.3726779953
0.5773502641 -0.3333333333 -0.3726779953
-0.5773502641 -0.6666666667 0.3726779953

1
1 0 0 0 0
0 1 0 0 0
0 0 1 0 0
0 0 0 1 0
0 0 0 0 1
