10
3
0.6666666666 -0.3333333333 0.6666666666 0.5
0.2440169333 0.7440169333 -0.6220084666 0.5
-0.9106836 -0.4106836 -0.0446582 0.5
3
-0.2440169333 -0.7440169333 0.6220084667 0.5
0.9106835999 0.4106835999 0.0446581999 0.5
-0.6666666667 0.3333333333 -0.6666666667 0.5
3
-0.40824829 0.816496579 -0.408248289 0.5
0.816496579 -0.408248289 -0.408248289 0.5
-0.408248289 -0.408248289 0.816496579 0.5
3
1.632993158 -0.816496578 -0.816496578 1
-0.816496578 1.632993158 -0.816496578 1
-0.816496578 -0.816496578 1.632993158 1
3
0 -2 -1 4
-4 1 1 0
-2 -1 -5 2
3
7.6628 8.0960 2.9851 2.1239
7.4840 8.6135 5.7133 2.6414
8.5667 7.2408 1.2124 1.2687
3
-0.92248442 -3.89358854 -0.33045767 0.30205657
2.99072554 -2.99251721 1.25678556 1.58407314
0.83099328 4.42566165 3.35461649 4.69981789
3
2.69683906 0.27610220 2.74180885 1.45405258
-2.62299352 -0.72970149 -0.08138994 1.42055081
-1.04909860 0.33465827 -1.48632396 3.00353982
3
0 1 -2 2
1 3 -2 2
3 1 2 1
3
-2 1 -3 3
3 -4 3 3
3 -4 -1 5
