9
3
-2 -3 3 2
4 1 0 1
-4 4 1 2
5
1.945 -3.52 -2.399 -2.422 -3.524 0.1002
-1.115 -2.016 -3.151 -4.09 3.527 0.1721
3.568 0.577 -1.823 0.006 4.049 0.3019
1 0.7 -0.302 -3.66 -4.636 0.4406
0.706 -2.722 -1.111 -3.02 -4.704 0.4013
6
-3.706 2.53 -1.132 1.906 2.405 -4.774 0.4
1.028 -1.164 2.61 2.585 3.367 -3.632 0.4076
4.611 -2.497 4.976 2.6 -2.428 -2.151 0.4369
-0.589 0.989 -2.513 -0.777 -1.427 0.135 0.1062
0.648 3.281 -2.988 1.943 0.811 0.88 0.4799
-1.784 -2.542 2.553 0.596 -2.353 0.163 0.1818
10
0 -5 -3 -1 -1 0 -4 -4 4 2 0
4 -5 -5 1 -4 4 2 4 0 -5 3
0 -1 -4 -2 1 1 -3 -2 -4 4 1
1 -1 -5 -2 2 -3 -3 -1 4 -2 1
4 4 3 -4 1 2 3 4 0 -1 0
3 2 -2 2 -4 2 3 -3 -2 -1 3
-2 3 0 2 -3 -3 1 1 3 3 2
3 -4 1 0 4 0 -2 -2 -5 -2 3
1 -5 0 -2 4 3 1 0 1 -4 2
-3 4 3 1 2 -1 -1 0 -2 0 3
10
1 0 0 0 0 0 0 0 0 0 0.5
0 1 0 0 0 0 0 0 0 0 0.5
0 0 1 0 0 0 0 0 0 0 0.5
0 0 0 1 0 0 0 0 0 0 0.5
0 0 0 0 1 0 0 0 0 0 0.5
0 0 0 0 0 1 0 0 0 0 0.5
0 0 0 0 0 0 1 0 0 0 0.5
0 0 0 0 0 0 0 1 0 0 0.5
0 0 0 0 0 0 0 0 1 0 0.5
0 0 0 0 0 0 0 0 0 1 0.5
7
0.952 2.941 0.329 -2.859 -1.342 4.701 3.838 0.2167
-1.323 0.252 4.815 -3.839 1.235 2.743 -1.346 0.3567
-2.638 -4.39 2.002 -3.037 -3.723 -3.361 -3.697 0.2119
1.272 -2.863 1.426 -3.559 -1.033 -0.858 -2.39 0.492
-2.917 -0.709 3.413 -2.906 -1.008 2.251 4.261 0.2669
3.855 0.428 3.831 0.09 -1.829 3.837 -4.99 0.3114
4.448 2.012 -4.799 2.077 0.003 -3.496 -4.452 0.2627
8
-2.345 -2.224 2.044 0.446 -4.821 4.617 4.844 -2.34 0.3662
2.363 -4.697 2.545 2.428 -0.142 4.61 0.575 2.314 0.1809
-3.452 -3.226 1.045 -2.916 4.74 -0.595 4.881 -3.847 0.4463
-0.248 -1.063 1.881 4.803 1.592 4.657 -1.8 3.39 0.1188
4.169 -0.413 0.2 -4.493 -3.05 0.503 3.052 0.731 0.1714
-0.986 -3.694 -4.62 2.205 -2.146 -2.846 4.602 -3.709 0.3105
-0.992 2.524 4.4 -1.529 3.629 4.689 1.704 3.432 0.2366
-2.287 2.984 -3.976 0.253 2.153 0.611 -4.547 2.66 0.1086
9
0.029 -1.903 0.406 -0.338 -4.672 2.448 -0.507 -3.995 -4.604 0.0224
-0.869 2.074 -3.892 1.782 -3.124 2.757 1.816 -2.634 -2.153 0.3773
-3.013 0.422 2.401 2.301 3.748 -1.541 -4.334 -4.468 0.866 0.0844
4.555 2.248 3.941 -3.687 3.262 4.269 0.113 -2.245 -4.725 0.3138
-0.668 -4.242 3.936 0.44 -1.108 -4.188 -1.803 -4.292 4.53 0.2603
0.834 -3.483 -0.829 -1.765 3.819 4.271 -1.953 0.837 4.804 0.3913
-3.318 4.359 1.161 -4.377 2.025 -4.224 1.245 -2.862 4.883 0.2128
-1 -0.785 -1.37 -2.064 4.656 -1.125 -4.9 4.205 -0.417 0.0982
2.954 1.769 2.5 -2.875 -4.995 -2.329 -3.603 4.404 3.508 0.3799
4
-3.244 -3.63 1.618 -0.303 0.1502
3.849 0.578 -3.443 2.347 0.0991
1.493 -2.061 -0.713 -0.997 0.3038
1.467 -4.374 -4.129 4.594 0.3182
