2
0 0
0 1
0 0
1 0

3
0 0
0 0
-1 1
1 1
-1 -1
1 -1

1
0 0.0
0.0 0

8
-0.2886751346 0.8333333333 -0.3726779963 
0.5773502692 -0.6666666667 -0.3726779963 
-0.5773502692 -0.3333333333 0.3726779963 
-0.2886751346 0.8333333333 0.3726779963 
0.5773502692 -0.6666666667 0.3726779963 
-0.5773502692 -0.3333333333 -0.3726779963 
0.0000000000 0.6666666667 -0.3726779962 
0.8660254038 -0.1666666667 0.3726779962 
-0.8660254038 -0.1666666667 0.3726779962 
0.0000000000 0.6666666667 0.3726779962 
0.8660254038 -0.1666666667 -0.3726779962 
-0.8660254038 -0.1666666667 -0.3726779962 
0.0000000000 1.0000000000 -0.5000000000 
0.8660254038 -0.5000000000 -0.5000000000 
-0.8660254038 -0.5000000000 -0.5000000000 
0.0000000000 1.0000000000 0.5000000000 
0.8660254038 -0.5000000000 0.5000000000 
-0.8660254038 -0.5000000000 0.5000000000 
0.2886751346 0.8333333333 -0.3726779963 
0.5773502692 -0.3333333333 0.3726779963 
-0.5773502692 -0.6666666667 -0.3726779963 
0.2886751346 0.8333333333 0.3726779963 
0.5773502692 -0.3333333333 -0.3726779963 
-0.5773502692 -0.6666666667 0.3726779963 

1
1 0 0 0 0
0 1 0 0 0
0 0 1 0 0
0 0 0 1 0
0 0 0 0 1