40 9
7 22 22 21 6 19 2 7 6
16 20 3 34 36 13 14 0 2
15 16 37 17 4 6 21 13 16
29 31 19 0 9 6 18 3 2
29 16 4 2 2 15 17 18 33
0 33 5 10 12 17 0 9 9
15 32 4 1 7 17 8 27 6
6 10 2 26 12 10 17 23 13
0 18 26 11 25 29 3 9 0
5 24 20 26 21 4 12 23 5
30 24 14 0 1 21 24 6 27
27 12 4 6 6 2 27 16 17
6 21 8 5 14 9 11 22 0
37 22 10 25 12 4 5 2 34
8 14 9 21 0 0 3 28 10
25 5 12 20 5 8 2 8 8
20 26 5 28 27 27 14 13 4
0 12 15 18 26 19 1 12 9
9 33 1 1 10 19 29 1 13
13 14 2 23 35 7 1 2 16
23 0 26 2 1 9 13 6 16
6 7 23 9 13 15 15 27 10
4 11 4 34 1 28 6 18 8
11 4 8 9 20 8 33 20 33
1 7 5 26 2 39 5 25 11
6 26 10 27 2 26 11 5 31
29 9 24 2 21 0 19 24 18
6 2 6 18 9 4 7 7 21
9 0 17 17 27 27 2 10 0
12 25 17 19 30 12 18 10 22
27 10 0 5 9 4 9 13 0
29 31 18 5 8 14 5 2 13
6 2 15 23 9 23 14 28 24
15 1 0 25 20 6 9 1 4
4 24 6 24 6 14 6 10 7
18 19 24 21 21 14 8 8 9
20 10 8 23 1 2 8 25 15
22 21 8 16 21 34 1 7 8
11 20 26 9 15 8 5 6 12
5 29 9 16 1 35 16 30 24
13 24 30 29 31 28 22 12 12
25 37 5 38 36 22 36 32 35
17 35 38 25 22 39 38 38 19
38 38 28 12 21 9 31 13 22
32 28 22 26 24 18 25 33 37
34 34 18 33 37 21 3 28 16
31 39 8 11 22 22 11 39 30
38 18 28 29 20 31 18 32 26
11 24 26 37 37 33 33 21 10
11 37 23 31 28 7 14 24 9
35 28 31 14 6 23 27 31 36
39 26 8 39 12 29 35 33 29
34 39 30 26 27 23 36 33 24
39 36 38 35 31 26 15 37 35
26 17 11 33 17 39 27 28 28
32 8 24 28 34 19 17 35 18
32 39 20 32 37 37 30 26 38
9 34 23 26 29 37 25 36 33
21 37 38 36 29 39 31 19 36
13 19 27 27 36 33 13 12 19
35 14 29 15 18 25 35 36 19
19 10 33 20 26 29 15 31 27
16 26 26 35 10 34 11 31 19
11 10 12 13 33 38 38 25 35
21 38 30 38 18 39 21 31 33
16 26 38 29 12 32 30 28 34
35 28 35 22 25 14 27 36 21
10 19 27 34 32 37 34 26 27
21 21 37 33 34 37 20 26 7
14 26 30 28 32 34 20 13 25
32 39 32 18 9 9 20 17 30
37 33 22 12 9 22 17 11 17
26 16 36 27 23 24 23 36 31
31 6 33 36 37 36 13 11 38
11 36 10 28 20 37 27 15 19
35 31 25 39 31 15 15 17 34
31 36 26 27 7 13 10 36 21
31 30 38 19 28 36 5 29 28
36 34 34 26 39 11 30 31 26
7 31 29 33 28 38 23 34 31
