100 10
10 46 61 3 69 25 56 37 44 73
29 19 5 12 65 23 9 48 61 38
61 22 82 39 50 2 7 9 21 31
28 53 12 71 17 46 69 44 44 10
1 6 52 48 17 45 56 4 35 48
82 12 14 13 33 47 70 65 19 13
34 46 6 16 26 51 76 25 43 18
77 66 11 64 43 70 25 19 21 8
23 89 69 2 25 50 62 81 26 86
72 39 8 14 57 9 45 11 20 17
38 17 17 81 54 15 26 9 18 49
75 26 35 31 13 44 62 2 42 36
27 9 11 53 13 15 27 4 47 45
3 88 44 2 64 40 3 5 11 63
53 85 42 26 20 69 96 41 0 63
9 16 42 46 8 0 18 9 79 19
30 53 15 20 58 23 45 36 6 32
5 54 61 45 17 34 22 30 17 11
27 16 18 12 9 25 35 16 56 28
1 10 34 63 1 29 25 23 57 4
25 17 88 44 5 27 2 72 1 0
32 51 5 71 43 85 17 40 4 55
11 20 32 84 12 35 26 58 5 40
0 61 31 39 33 47 24 33 84 36
37 27 80 11 61 7 8 42 22 36
0 56 16 88 80 10 26 0 0 53
15 1 39 81 34 17 0 52 3 9
30 54 22 3 88 60 23 32 15 16
44 34 43 19 45 27 42 5 3 35
51 69 27 41 48 3 5 2 6 69
53 81 18 10 28 22 32 8 46 77
32 30 72 3 0 7 34 21 4 21
27 7 39 38 24 41 49 22 40 2
20 31 8 54 43 25 78 34 36 26
10 27 25 6 78 3 33 64 29 49
35 38 1 12 75 18 52 19 49 2
8 7 35 4 18 6 45 25 39 25
0 17 4 31 9 15 46 7 18 41
25 70 1 44 67 49 42 18 59 1
24 36 13 67 7 73 73 17 8 29
76 28 37 28 84 50 18 45 5 38
0 4 53 14 9 56 39 35 33 70
24 28 88 8 16 51 58 11 40 8
56 91 67 6 0 22 13 37 48 2
3 58 1 19 80 41 28 18 7 3
31 9 43 4 25 21 19 3 18 42
21 70 24 54 2 12 7 45 14 44
16 43 28 50 38 80 87 25 42 49
0 83 1 21 31 44 36 9 78 21
78 10 8 18 30 53 18 47 24 29
25 44 41 9 37 18 5 14 63 66
52 9 56 21 8 27 44 11 56 18
9 44 27 28 15 76 5 9 2 63
51 39 73 4 67 79 34 6 66 6
81 29 4 72 53 27 58 46 42 17
8 16 30 56 77 8 80 32 0 74
92 0 15 24 81 54 21 14 31 13
13 23 31 19 3 20 5 63 50 52
2 36 17 52 34 0 44 23 27 12
9 34 64 66 35 42 7 8 7 38
31 77 78 12 35 12 57 13 6 15
18 58 10 3 28 60 31 31 28 19
22 8 7 40 12 19 39 1 13 14
66 7 84 29 36 26 33 73 66 11
56 3 13 4 20 70 19 17 36 33
9 20 1 14 46 7 34 50 53 2
42 37 37 38 15 58 17 49 2 7
27 5 48 55 44 26 21 77 60 75
52 69 55 29 12 47 10 24 40 74
3 58 30 84 79 8 0 56 65 1
44 18 22 66 72 7 14 18 20 31
25 5 34 21 4 24 33 57 18 27
47 24 58 48 16 17 5 17 2 40
27 32 39 30 65 71 65 11 64 70
69 26 14 11 30 13 23 28 34 27
32 7 10 26 15 16 36 56 64 37
9 67 18 42 7 2 14 41 48 60
15 70 5 0 36 15 32 41 36 29
18 2 23 4 64 21 16 57 38 26
27 79 38 17 49 20 28 36 66 23
48 51 63 30 64 44 25 2 45 30
38 29 4 19 39 90 4 29 0 56
69 30 13 1 25 21 94 36 62 87
4 56 10 80 32 18 67 7 6 13
57 10 30 1 24 9 27 32 15 31
2 11 17 13 34 25 30 42 67 60
66 64 32 21 31 80 34 62 16 6
62 49 6 27 13 47 42 63 81 4
70 5 21 66 35 5 19 0 2 59
58 70 40 76 13 22 21 45 8 3
17 6 40 7 50 3 21 70 16 46
68 8 6 13 10 0 5 27 30 0
50 41 27 13 53 32 41 70 32 35
79 43 71 64 1 43 49 64 7 48
44 50 60 6 37 38 62 67 48 79
3 32 53 42 10 19 27 35 44 49
12 7 25 12 76 50 9 12 36 11
8 2 73 16 61 12 3 92 62 41
66 78 4 82 49 41 16 33 74 19
12 78 6 11 28 35 78 17 33 35
41 57 73 51 80 66 83 68 88 92
35 30 15 90 92 46 57 95 71 70
81 53 95 84 77 99 98 11 66 71
41 71 98 88 68 65 75 52 49 33
86 24 67 72 43 74 92 29 96 96
85 91 28 88 88 52 85 77 59 63
40 90 83 33 52 87 86 79 46 97
82 81 81 88 98 98 32 62 89 18
41 90 72 67 68 94 77 99 68 97
96 51 21 78 78 46 92 47 89 81
70 98 68 97 70 70 70 38 39 90
83 63 93 33 68 73 98 52 49 80
87 83 81 57 48 27 93 39 55 71
99 95 73 52 75 46 94 15 34 73
93 92 45 68 25 75 98 69 82 95
76 82 81 54 87 27 86 61 88 90
98 67 86 78 94 43 56 57 69 53
87 77 93 85 77 79 67 55 86 22
83 27 35 65 59 72 51 91 96 48
62 11 95 84 60 80 96 81 58 82
96 18 93 95 38 63 58 82 53 80
52 56 79 79 68 86 81 66 53 94
35 75 53 95 40 64 74 66 90 73
41 72 41 85 88 51 71 69 96 61
77 78 88 95 75 9 99 53 72 51
38 97 19 89 98 78 43 13 28 63
86 62 72 84 39 42 22 72 13 93
99 97 50 41 98 79 59 51 90 20
89 37 92 55 56 98 75 73 61 94
64 78 93 98 61 40 64 10 36 82
59 93 31 83 71 52 57 31 48 80
89 45 73 93 92 88 36 87 93 81
33 17 65 65 40 89 62 94 82 88
67 81 25 63 71 50 87 35 48 50
21 77 70 43 92 86 69 97 83 99
73 54 46 39 80 27 63 64 96 40
28 68 83 78 54 61 77 41 73 41
79 50 7 63 43 57 81 47 96 59
64 80 8 92 92 73 98 23 89 93
59 76 96 71 52 78 93 96 52 49
94 57 96 57 98 60 49 57 72 44
81 70 62 92 78 90 67 43 86 86
80 46 93 70 37 96 72 83 73 98
83 99 83 25 73 38 61 57 51 52
66 89 4 51 92 50 39 40 99 18
93 19 77 40 58 82 95 26 18 69
94 79 60 97 74 38 99 56 37 54
65 52 84 94 49 92 95 78 52 51
21 85 81 30 48 65 89 40 87 77
86 76 14 20 86 85 62 92 39 95
78 84 56 18 54 47 59 89 91 95
83 47 98 42 83 87 60 80 79 87
18 73 94 42 69 90 13 14 15 99
81 91 80 43 88 86 39 59 92 24
96 64 61 94 71 68 64 91 68 82
66 36 51 62 79 13 99 66 5 84
97 20 28 93 84 63 50 82 35 69
97 86 98 80 70 70 44 71 52 94
34 70 18 61 48 76 69 47 37 41
21 53 70 81 39 92 88 8 42 40
69 78 82 31 57 91 95 48 81 82
91 94 41 96 78 76 43 62 60 82
25 34 15 90 38 89 50 17 14 80
71 11 96 35 57 94 39 93 99 14
92 65 69 65 59 99 64 91 95 35
60 46 92 75 66 85 61 61 79 61
87 92 78 69 24 94 22 80 93 87
64 42 56 97 53 69 41 85 98 76
62 92 93 75 48 55 38 86 75 86
88 76 90 86 96 47 14 65 86 68
55 77 53 85 88 19 56 77 35 81
90 6 98 90 7 93 49 80 34 89
74 48 82 92 27 21 40 48 18 82
71 70 67 57 86 82 66 71 68 75
86 94 32 58 84 31 31 40 55 39
64 76 54 43 78 31 59 59 85 75
24 68 36 57 67 51 85 85 87 85
58 88 22 55 55 52 35 70 91 56
57 94 39 12 95 87 78 75 46 73
56 94 49 85 75 68 77 57 99 36
62 98 97 74 94 59 54 15 50 62
64 91 74 71 83 93 50 52 59 84
83 83 86 8 26 47 98 36 71 96
85 91 77 95 61 19 84 82 9 61
99 24 53 72 83 64 95 44 49 74
2 99 57 15 55 85 56 73 68 70
89 67 81 44 38 95 66 76 42 73
89 67 97 64 61 49 93 75 97 12
85 89 98 87 76 80 30 82 71 83
85 96 55 93 32 23 45 77 36 24
42 35 47 66 79 19 74 79 28 99
88 16 19 72 44 18 27 34 93 36
57 96 34 67 60 57 78 97 64 59
84 47 79 90 94 84 50 74 69 96
56 51 64 97 84 80 71 83 80 95
88 75 91 89 35 60 67 44 91 71
61 25 87 86 98 78 58 16 84 49
33 62 76 21 92 65 99 94 69 74
96 80 9 99 93 93 40 93 90 20
67 84 65 97 47 74 99 35 38 80
