100 10
19 10 6 74 78 82 53 26 0 25
25 20 51 10 18 62 0 59 13 24
47 46 54 92 6 77 66 26 72 34
11 77 48 40 45 59 69 30 15 58
85 35 50 73 70 40 16 1 26 14
2 67 74 8 12 3 33 1 0 3
12 38 75 18 29 7 41 79 15 43
32 15 39 17 36 13 26 3 23 9
38 21 16 33 38 46 39 53 73 3
18 50 29 23 9 27 57 1 13 97
24 1 69 9 27 11 6 21 19 1
33 17 18 61 13 19 3 4 76 9
35 55 14 59 6 82 11 10 68 15
43 3 35 46 21 6 85 63 26 37
21 64 0 56 72 0 11 84 1 2
25 25 20 4 51 24 8 42 58 18
21 21 67 5 0 75 24 52 52 83
23 3 39 8 20 3 73 40 17 27
64 70 67 46 12 39 15 23 2 18
17 58 44 52 42 0 76 60 62 45
30 32 33 26 9 18 56 19 2 20
82 47 0 5 22 34 64 40 13 38
27 12 33 0 21 43 54 53 1 6
10 23 4 8 56 38 36 9 11 56
18 28 0 9 24 36 42 72 8 35
41 3 49 23 44 78 26 36 23 20
42 29 59 43 3 38 27 7 61 30
9 6 64 24 41 4 9 15 60 4
23 71 18 29 47 74 38 67 17 38
20 12 6 13 24 58 32 63 21 42
13 11 19 7 39 20 51 21 7 23
26 45 2 7 64 3 4 47 0 60
0 9 62 74 69 54 31 45 24 66
76 12 25 5 31 9 59 34 1 78
83 37 49 10 31 74 21 47 49 86
32 57 63 89 2 81 44 33 39 29
9 2 9 21 66 13 13 6 47 39
14 14 41 67 13 0 30 29 4 39
14 18 36 38 0 2 86 14 19 31
87 4 22 35 13 14 21 5 15 5
48 16 3 31 69 6 30 32 14 52
49 8 23 27 14 15 29 79 46 24
58 58 5 20 87 38 10 64 88 41
89 27 25 19 79 37 5 63 20 20
41 23 52 7 1 41 32 60 49 12
18 15 65 35 39 37 4 87 13 21
49 9 4 39 30 31 28 48 5 4
20 66 54 43 55 55 55 4 9 32
1 10 59 22 22 21 11 3 2 17
23 27 42 37 64 29 9 75 24 37
6 55 20 24 15 19 31 4 68 32
4 42 90 65 24 37 14 24 64 41
22 5 46 60 13 72 40 48 64 33
73 30 21 29 9 30 11 28 13 60
10 15 59 28 4 23 48 29 46 49
58 53 11 21 59 18 32 19 26 24
58 74 15 26 16 28 51 43 12 31
93 18 11 15 0 68 63 38 67 85
26 54 20 19 50 7 5 31 12 29
3 33 66 29 41 20 62 61 11 85
9 30 74 31 2 42 12 23 73 26
83 67 29 47 52 6 87 73 28 71
25 8 53 10 35 3 67 12 29 19
10 80 2 23 34 20 38 26 3 34
40 8 5 5 53 73 29 30 9 0
20 39 36 17 64 75 45 1 23 4
3 65 8 43 28 4 67 71 5 28
49 33 57 37 16 53 30 26 58 70
57 60 17 21 53 42 36 39 4 0
44 8 32 6 22 14 15 72 34 26
13 40 7 40 22 8 11 66 52 48
77 60 31 29 0 36 13 7 63 35
62 39 40 3 14 15 38 44 48 66
31 52 61 94 55 27 2 0 26 5
8 60 61 82 36 16 13 8 70 20
43 11 67 20 37 48 19 39 13 36
5 67 38 13 23 63 39 18 63 5
69 2 64 56 62 51 18 11 72 33
56 41 49 2 27 45 14 11 25 6
10 48 25 20 7 67 17 13 22 52
5 67 52 2 13 27 7 23 52 0
10 63 67 97 6 29 66 56 6 31
73 58 76 52 2 93 24 24 4 53
31 10 16 39 35 54 30 80 18 41
5 25 77 18 72 81 49 15 2 27
50 0 1 55 13 11 7 91 41 9
39 29 44 24 0 67 47 15 23 42
22 20 29 63 11 2 65 12 52 10
15 28 75 39 31 25 92 24 20 14
13 45 53 22 27 34 10 34 7 18
1 9 22 35 71 0 13 51 19 48
23 25 57 17 5 40 8 27 25 63
26 37 6 22 37 10 4 20 97 32
0 1 60 5 8 67 15 47 19 77
0 78 51 57 24 0 21 15 17 59
48 32 3 6 75 61 20 24 83 3
54 17 7 31 2 70 27 20 20 9
1 43 60 28 66 30 36 8 21 42
31 30 30 41 29 52 0 8 16 7
18 28 33 57 72 12 12 20 54 6
26 96 83 79 84 99 56 57 5 40
33 99 66 13 54 97 24 84 40 57
87 52 74 94 53 80 80 64 88 69
63 96 49 42 95 96 88 86 74 81
87 48 99 94 89 49 18 33 75 53
12 76 89 21 36 85 71 99 38 12
72 72 85 88 91 49 70 99 72 75
38 83 95 34 86 36 46 14 23 38
47 34 37 83 80 61 51 66 93 58
73 88 64 71 60 56 59 35 85 99
70 92 92 62 85 14 17 48 91 69
78 22 92 90 94 63 83 88 79 73
58 74 69 72 99 90 93 26 91 18
54 8 82 99 50 60 96 95 54 37
98 86 59 88 94 50 19 86 64 55
61 32 43 70 74 69 82 99 83 84
58 32 82 51 29 93 99 90 88 89
92 79 89 95 89 52 90 87 58 34
90 92 99 57 60 79 33 48 91 29
95 88 77 59 93 84 82 93 81 76
32 92 55 75 15 65 61 89 49 22
84 50 88 47 42 36 70 46 41 39
56 96 96 52 81 96 74 72 85 42
69 95 72 59 91 99 39 71 80 75
82 91 43 78 26 91 62 77 29 67
45 43 81 68 71 95 62 60 30 77
69 85 98 90 6 85 28 88 78 90
26 35 76 29 86 77 96 39 99 52
28 72 93 53 96 89 67 84 84 58
62 83 77 88 52 59 81 94 57 49
17 71 90 49 71 51 85 58 86 99
54 96 49 92 98 23 79 87 79 71
7 38 90 96 73 92 54 79 37 92
82 29 37 28 66 28 66 71 22 85
85 99 61 59 63 86 28 55 55 97
73 96 93 94 30 90 53 44 74 84
63 46 76 56 70 26 26 94 56 79
86 60 72 69 85 71 76 43 68 95
20 55 47 88 30 55 88 40 60 39
91 68 31 93 81 72 95 45 32 28
98 69 92 95 82 20 90 71 45 68
96 73 85 31 39 64 54 97 92 48
97 79 24 28 90 73 74 78 98 43
92 74 43 91 93 51 87 92 25 32
66 61 86 80 30 60 91 80 92 78
86 73 71 83 88 74 45 88 96 63
66 30 61 43 53 82 55 53 62 40
99 74 92 50 76 62 58 61 95 70
97 56 98 35 74 52 87 69 62 52
73 33 79 84 91 68 39 78 60 67
73 78 64 66 35 26 95 66 92 36
95 60 94 79 62 95 75 26 76 62
84 53 70 98 52 81 94 50 67 55
82 34 86 38 93 48 61 66 24 65
39 97 65 60 77 64 63 97 68 56
85 62 74 47 60 68 80 68 50 69
67 91 89 45 92 86 56 56 39 90
99 92 62 60 51 85 80 83 94 92
86 89 68 59 63 22 30 98 52 57
89 38 82 59 82 55 92 64 50 90
33 76 75 38 36 50 95 36 75 91
94 88 30 79 72 69 97 87 94 78
62 51 57 44 91 65 90 77 74 94
71 93 44 59 39 38 87 48 4 53
42 23 15 9 64 82 64 84 37 96
47 84 94 66 74 76 68 6 41 38
23 78 68 81 84 23 84 86 14 86
86 36 83 69 91 79 50 56 82 92
84 66 53 81 71 90 52 79 55 61
77 16 70 49 38 16 44 95 64 84
65 41 27 50 40 84 35 73 58 63
97 85 78 29 51 76 32 57 80 52
72 76 76 29 23 70 89 73 62 93
53 69 89 99 92 40 41 8 35 23
91 65 69 83 92 29 67 20 85 50
70 28 77 24 88 84 71 58 58 52
49 88 98 84 71 93 59 74 90 69
83 70 92 63 65 81 80 42 73 73
76 45 92 78 49 58 43 85 55 69
75 71 67 88 90 70 18 68 41 74
61 75 63 44 63 63 71 77 81 39
54 99 95 98 57 70 91 76 52 39
81 82 93 89 78 99 61 65 18 98
75 32 44 45 51 95 75 91 78 82
32 99 96 46 83 90 86 25 79 91
83 19 4 59 84 33 98 91 42 12
65 47 99 76 57 97 92 76 66 48
98 32 88 83 93 74 71 64 97 85
87 63 79 82 78 80 93 83 78 19
62 45 54 93 31 99 13 60 93 79
58 62 98 56 71 46 31 99 25 55
74 80 77 26 20 49 44 69 94 75
30 37 46 94 52 33 18 67 99 50
89 10 87 94 96 84 17 70 55 88
55 83 59 91 95 31 98 85 87 85
67 56 89 71 88 93 76 94 95 36
56 58 19 56 31 82 35 34 49 96
26 84 83 97 80 31 91 10 65 82
68 87 67 98 48 67 66 28 93 99
96 73 82 90 91 88 49 99 78 61
