100 10
29 6 45 46 39 32 14 22 14 27
25 6 32 15 68 23 17 10 9 53
14 52 12 5 9 59 66 36 18 20
25 36 12 60 18 38 48 66 0 36
13 63 40 46 68 63 37 46 44 28
38 38 48 21 70 45 46 2 25 4
37 70 1 31 28 36 44 29 8 25
72 16 9 7 42 10 4 18 50 33
20 41 48 2 64 27 41 90 53 44
26 13 73 86 4 39 57 6 54 10
51 21 55 5 34 70 22 42 68 2
60 33 15 35 6 5 39 59 18 20
21 82 62 13 6 79 73 56 54 27
54 13 22 14 84 33 42 72 3 20
42 32 3 15 10 13 3 16 48 5
33 2 46 24 2 5 31 29 26 11
0 32 28 41 45 19 70 19 68 77
53 33 81 10 19 73 2 3 1 28
20 7 44 48 0 13 46 63 11 44
15 5 71 13 61 19 53 23 13 52
18 93 6 22 52 49 24 6 34 24
23 44 11 11 29 47 7 6 10 27
59 78 29 36 16 43 75 57 6 23
89 29 10 12 28 40 25 46 49 17
23 50 33 39 72 42 77 88 19 10
18 2 21 4 55 21 62 74 15 24
41 23 33 11 94 34 17 56 14 32
46 6 33 14 26 56 46 69 18 20
56 60 11 5 63 42 51 27 5 18
20 16 90 22 3 77 0 75 40 10
75 15 38 44 8 18 0 20 86 20
28 48 46 46 62 25 14 69 57 8
2 35 16 14 2 6 42 24 15 44
20 37 9 12 63 36 39 73 26 38
62 67 46 36 85 19 53 8 47 0
61 14 5 1 47 92 18 17 34 89
42 30 1 75 76 24 13 20 6 45
13 12 58 19 35 39 57 61 66 10
75 49 15 7 63 9 28 11 16 18
27 43 6 37 58 34 2 90 4 3
32 73 21 12 9 54 17 6 42 50
23 14 73 39 19 12 25 4 42 66
7 25 12 6 55 9 22 50 1 6
2 4 11 89 11 53 53 19 19 25
72 26 25 35 15 10 28 7 21 1
59 15 31 15 35 47 30 26 10 12
5 6 45 19 39 8 70 2 77 54
38 50 70 40 97 27 56 21 69 46
1 42 40 21 43 42 31 55 26 40
19 26 9 24 57 23 8 36 74 2
46 11 27 36 21 66 69 47 49 54
52 16 19 65 5 22 60 8 4 59
46 23 17 77 19 9 10 23 38 45
31 43 43 1 13 3 71 18 30 10
51 20 15 54 35 33 22 4 12 22
26 46 19 12 82 3 63 0 31 65
29 45 49 42 0 23 51 15 70 2
17 9 42 47 24 12 35 30 88 33
56 25 37 9 22 12 24 26 71 32
63 6 81 23 4 48 25 71 5 13
60 64 54 13 62 75 74 16 16 18
17 26 52 25 4 9 91 58 61 15
24 17 46 35 6 57 57 68 45 19
82 69 32 90 1 8 61 55 14 4
28 35 66 1 86 11 29 2 29 21
38 12 42 47 21 28 25 52 47 78
24 77 16 61 22 41 2 20 5 12
15 6 18 0 7 5 19 32 31 42
24 14 46 27 62 46 30 14 25 13
33 56 67 56 78 9 66 11 9 17
82 8 2 42 46 4 2 35 37 30
78 51 1 38 30 29 21 34 38 20
21 22 11 33 31 36 9 18 38 23
8 54 68 20 85 63 23 19 43 76
23 41 1 16 1 2 91 31 6 54
8 14 59 21 42 60 25 8 37 26
10 51 17 13 50 69 17 7 48 11
26 15 2 4 42 26 37 70 13 40
8 30 18 16 10 47 10 43 50 28
67 19 3 33 50 78 76 46 59 20
27 32 16 83 18 50 1 41 63 34
28 7 10 5 16 66 22 5 47 40
50 65 9 66 45 46 9 17 22 12
29 18 22 49 22 38 1 23 80 29
13 31 60 2 54 5 76 81 10 54
10 17 66 31 37 45 48 15 70 57
35 25 5 23 43 23 12 38 26 9
39 70 34 1 12 23 16 54 15 12
35 56 57 31 59 59 41 58 11 52
3 6 52 29 5 44 72 44 0 9
41 82 55 90 53 23 3 5 70 30
74 13 15 46 33 25 13 71 34 32
77 69 6 9 27 32 24 34 27 38
56 37 26 3 1 9 27 0 15 19
5 31 39 9 53 80 46 25 7 48
1 88 17 52 49 6 5 14 50 4
67 33 67 22 11 15 12 1 69 13
66 27 46 27 59 45 23 67 37 41
41 3 32 46 17 94 38 68 1 1
38 64 67 37 81 28 3 23 68 7
45 67 86 84 57 52 47 64 55 69
73 31 58 49 89 49 92 71 20 92
77 85 58 57 20 90 76 58 63 30
34 40 24 95 35 40 83 73 61 64
28 65 87 98 83 90 79 58 53 31
83 53 75 79 96 92 81 8 30 37
51 85 6 43 80 87 46 35 16 91
95 56 83 88 52 15 27 70 98 81
54 71 50 51 96 71 47 91 61 98
66 58 79 94 56 54 76 46 66 87
93 90 95 96 53 89 73 45 85 8
86 73 17 35 95 90 73 99 76 23
50 96 91 30 93 95 78 62 60 77
99 54 98 50 87 76 51 73 95 93
54 66 80 49 71 66 27 66 67 87
47 6 77 42 56 80 52 58 50 58
71 85 63 62 78 60 89 87 70 88
90 58 85 77 46 87 6 35 85 91
67 68 77 58 36 26 49 97 15 86
29 69 72 31 63 22 60 96 28 74
82 94 88 86 93 93 49 72 82 34
49 78 74 59 35 92 60 72 50 27
75 91 92 52 49 99 91 61 41 55
92 82 47 31 63 94 90 78 50 49
60 87 54 84 96 91 79 93 62 85
71 92 77 92 65 56 90 88 35 60
63 92 81 27 97 71 33 67 40 43
90 10 75 24 98 59 80 90 49 82
68 86 66 42 83 74 86 90 97 90
61 44 98 52 39 87 4 83 94 60
89 33 88 96 78 30 96 76 97 47
71 57 59 77 85 94 15 98 99 34
52 36 98 93 23 97 42 75 30 48
49 82 91 19 83 78 81 96 83 54
99 82 80 57 92 36 70 53 82 35
85 47 99 12 56 95 85 49 38 92
84 98 85 78 97 49 39 86 93 90
59 28 71 70 36 57 77 94 87 74
85 92 45 54 73 52 80 18 72 61
98 65 22 53 63 40 83 94 92 53
48 78 81 84 65 97 64 30 91 53
62 16 95 71 31 20 68 86 73 83
57 68 96 83 89 45 24 82 33 48
28 24 47 90 59 96 82 99 76 66
79 82 85 51 48 34 49 86 60 24
96 93 54 27 43 83 41 62 75 26
41 83 89 19 56 91 77 83 80 79
67 72 91 55 98 93 79 47 89 67
86 89 97 91 52 43 95 60 33 80
19 90 78 91 91 95 58 66 96 36
83 33 94 97 26 82 75 52 97 93
69 62 80 66 25 52 73 54 12 92
64 56 56 88 24 97 35 69 88 65
64 97 48 21 56 63 83 78 95 27
75 95 19 67 98 35 90 59 68 35
74 62 66 23 88 21 78 99 88 87
56 48 50 68 96 95 78 25 73 42
37 20 47 63 74 17 89 66 97 60
77 73 88 11 26 81 25 50 73 98
84 36 85 75 13 77 32 85 78 56
83 67 65 29 95 83 93 92 50 52
90 54 92 71 25 40 93 63 93 41
46 67 87 51 15 95 71 79 92 52
86 82 92 94 55 14 95 73 96 9
31 98 89 37 87 58 77 34 54 34
75 64 99 64 88 56 89 57 90 83
95 93 31 75 53 42 62 68 83 21
24 47 30 79 19 82 37 56 87 56
99 17 76 56 89 50 53 58 28 30
48 95 93 90 82 81 99 58 33 87
96 23 37 64 94 71 73 54 93 83
82 98 92 91 46 58 29 34 89 82
52 34 75 69 39 83 89 49 98 32
86 63 87 52 90 82 26 93 45 97
93 59 66 27 17 19 98 51 62 63
9 76 61 38 68 68 40 40 50 68
11 82 35 32 84 80 34 30 77 96
67 25 27 89 99 28 91 93 99 47
71 31 36 95 19 56 17 84 97 49
99 59 62 95 62 85 95 52 88 88
89 69 36 93 83 66 48 94 85 45
49 11 47 97 17 90 89 49 60 68
65 96 85 98 97 47 85 17 95 25
78 91 25 72 90 60 12 73 95 70
33 54 76 40 67 85 85 89 38 65
54 98 76 80 56 99 58 29 72 75
75 44 63 58 94 48 82 92 78 78
40 99 37 96 89 90 46 85 36 73
36 65 86 65 71 72 49 97 36 90
80 15 92 78 98 58 96 90 55 60
52 94 76 95 96 48 49 24 76 52
89 23 98 96 55 99 95 73 38 60
81 79 82 33 90 75 57 91 99 98
73 40 55 96 62 81 70 3 86 94
30 48 90 39 58 80 51 55 60 93
44 90 23 82 96 56 42 36 86 69
95 79 83 93 98 65 45 32 95 49
78 54 84 76 78 52 85 86 53 51
49 83 36 65 26 95 68 84 35 78
63 76 73 44 91 72 21 24 77 84
