99 10
2 72 15 40 17 31 16 39 11 29
19 47 13 12 54 35 28 9 97 50
18 28 10 8 64 1 65 4 12 29
27 7 6 43 50 7 44 41 70 16
3 12 18 10 52 2 19 68 75 52
2 1 64 59 45 2 6 51 41 31
12 2 62 15 31 24 42 26 59 45
16 41 34 18 74 36 14 56 8 54
23 23 24 54 31 75 51 1 28 54
19 8 32 12 3 6 14 23 4 64
2 18 21 23 50 10 66 37 71 63
56 15 66 20 73 16 29 53 63 23
36 75 42 42 63 46 39 45 42 37
28 80 27 66 62 8 2 12 19 79
3 12 14 40 35 3 96 19 19 54
55 12 28 59 56 31 37 20 7 59
23 48 50 23 29 40 26 6 25 92
38 40 46 22 3 16 6 51 59 27
5 1 28 57 35 10 56 49 17 85
13 26 53 69 19 69 52 83 0 68
69 51 28 5 11 5 17 13 21 5
38 15 40 65 6 1 12 23 45 9
76 86 59 29 38 1 50 11 20 17
17 21 18 30 24 42 29 8 73 15
30 10 37 52 14 29 15 43 3 5
4 38 15 66 68 35 38 20 75 52
28 17 1 24 26 62 2 19 44 32
26 27 33 33 11 9 60 72 62 61
18 53 44 71 29 27 72 41 9 64
5 33 46 39 10 44 68 27 23 34
45 12 23 15 65 45 15 10 8 4
37 0 24 92 20 90 28 70 19 39
37 19 4 32 34 81 26 50 6 68
9 11 31 16 56 28 5 11 90 39
9 39 49 5 6 13 27 19 17 35
61 23 21 89 32 56 63 27 13 24
20 6 44 66 40 85 4 7 30 40
8 47 63 6 33 17 6 21 14 81
60 51 22 18 4 44 17 40 23 51
2 23 41 42 14 17 36 40 69 12
75 10 38 29 64 45 13 11 16 49
33 26 28 53 39 72 28 74 16 6
17 2 19 48 68 23 18 93 9 36
33 2 5 22 92 50 52 33 54 35
9 59 12 46 78 68 45 6 14 10
12 81 66 55 25 2 45 29 9 74
36 10 70 17 24 28 11 80 38 66
21 3 15 34 87 46 53 76 57 13
45 42 55 55 31 30 0 9 53 5
2 55 74 11 81 47 47 31 39 42
64 32 15 18 56 53 21 23 21 71
62 26 23 22 36 76 3 14 70 24
45 24 51 34 22 25 20 27 17 48
21 16 15 26 46 21 77 42 10 10
21 15 0 26 53 93 6 38 48 0
0 14 24 30 15 66 57 0 29 29
23 1 15 11 39 17 32 35 13 25
87 33 50 8 62 78 13 60 48 50
55 31 33 34 7 36 55 14 9 9
46 18 7 90 42 7 18 26 21 22
63 32 5 19 7 29 20 12 6 7
21 58 1 8 55 20 21 0 76 24
31 47 38 11 66 65 44 6 9 49
66 7 24 33 4 2 39 5 40 0
19 54 33 4 20 41 46 14 7 30
11 42 22 3 86 4 11 55 5 9
69 20 66 7 13 27 43 40 14 30
84 86 40 0 50 17 65 73 37 45
24 10 63 75 58 73 61 64 18 32
10 36 37 28 55 13 60 21 15 38
53 1 61 11 74 1 19 52 49 36
72 1 47 43 30 9 17 65 32 52
19 11 26 61 4 49 19 3 23 57
86 9 78 21 17 41 0 22 81 64
10 8 22 21 34 67 38 25 25 16
21 56 14 76 85 19 37 62 18 22
36 76 16 15 60 31 29 3 19 35
2 54 59 2 60 54 29 36 12 4
13 43 4 71 27 3 53 35 48 96
53 45 0 1 19 28 73 74 61 50
6 77 10 6 48 26 33 67 54 4
40 59 30 61 25 1 24 10 77 70
45 20 20 6 35 9 43 51 46 29
62 47 21 26 39 8 63 77 19 11
50 84 21 41 4 29 64 48 14 6
80 0 45 31 1 39 5 26 35 31
0 36 6 30 2 9 15 12 16 38
57 7 26 71 48 17 56 2 42 49
14 3 21 33 15 11 2 12 29 9
10 1 29 78 2 49 67 75 58 0
3 12 55 1 12 29 10 15 5 15
9 57 10 35 16 19 4 41 67 31
40 6 60 25 19 4 20 11 63 72
21 10 39 28 27 10 12 73 16 20
6 79 7 30 23 17 12 24 2 10
62 6 27 47 20 35 28 77 32 33
7 10 14 20 20 23 85 13 27 62
18 58 4 12 70 9 15 34 9 49
18 56 73 14 16 56 34 45 66 55
53 77 55 60 46 44 38 68 29 91
49 79 34 60 79 89 42 73 97 72
29 81 80 63 82 29 83 72 80 54
98 78 78 47 80 15 62 60 94 85
89 36 29 92 62 13 78 86 88 83
62 17 80 89 67 58 16 79 52 79
84 42 95 68 84 27 55 64 65 54
95 47 44 93 85 87 30 79 84 79
34 61 28 77 41 89 68 48 63 68
98 57 46 33 31 53 41 31 40 87
44 51 97 29 63 24 77 93 89 81
65 42 98 23 91 49 33 87 75 89
66 98 90 70 92 67 97 69 94 98
87 93 43 78 73 9 94 17 68 97
90 68 88 90 97 42 98 84 46 89
61 80 52 65 77 68 94 49 41 86
98 87 88 71 73 43 92 63 67 97
96 92 90 77 31 68 69 72 77 29
24 8 63 88 88 64 65 87 26 90
38 53 53 97 84 75 55 90 20 81
72 66 33 20 77 6 51 73 52 26
60 94 71 70 94 32 44 26 88 29
81 96 94 72 64 91 59 56 23 65
28 83 75 31 61 59 70 16 78 61
73 79 42 78 39 84 53 60 36 50
71 65 44 82 75 93 90 63 83 84
56 93 25 98 96 96 76 33 46 69
80 38 76 77 93 55 92 79 68 95
92 59 48 81 35 66 80 67 85 79
29 81 66 80 11 48 74 85 30 41
76 53 31 94 98 92 29 69 39 26
84 97 29 93 73 94 40 91 34 87
96 95 47 94 40 95 35 95 58 69
32 56 93 71 67 80 86 82 97 83
32 89 78 80 28 29 35 55 72 96
95 44 83 90 66 72 92 70 24 36
54 16 46 90 74 88 46 93 36 76
85 75 83 13 92 87 66 85 68 94
70 89 62 88 86 49 79 82 23 53
68 27 58 60 76 23 83 72 98 29
94 90 95 60 95 61 64 98 39 62
70 81 42 84 48 78 96 89 75 51
39 91 97 55 76 61 46 94 98 98
68 3 17 28 98 83 88 62 92 93
40 78 61 67 86 82 61 81 78 82
52 86 68 67 61 66 85 90 84 93
38 80 74 87 26 79 70 85 73 68
62 10 22 39 87 63 85 96 63 41
91 70 80 92 59 94 55 45 84 13
39 64 79 38 81 64 63 92 83 67
72 35 71 22 86 77 48 53 55 89
78 70 40 62 39 87 51 25 82 30
93 66 57 70 35 93 69 78 58 88
88 70 41 44 93 38 82 76 43 71
49 21 18 91 82 94 91 81 82 96
2 67 59 83 67 95 88 8 58 44
87 79 27 93 94 36 42 65 58 31
91 57 91 53 72 79 29 93 63 82
59 75 72 88 58 89 77 84 17 86
67 28 82 92 69 12 18 83 47 88
89 95 95 46 44 76 27 97 98 55
65 63 18 57 82 59 94 24 83 50
82 73 90 22 79 70 93 97 97 56
78 48 33 54 30 4 90 24 81 34
81 67 39 59 63 86 53 35 61 97
68 50 77 68 90 34 52 84 33 47
90 25 81 98 28 93 47 86 94 51
97 92 58 29 58 34 85 96 68 73
98 13 66 85 97 87 67 77 55 45
79 90 90 53 74 54 70 91 52 95
96 3 96 27 82 77 60 90 69 71
86 2 86 93 58 38 67 90 57 95
86 70 71 95 39 50 83 7 76 62
93 15 90 63 84 90 75 69 96 78
15 89 85 30 57 91 39 93 57 28
48 80 27 80 88 26 86 66 42 41
64 76 62 96 86 68 39 41 92 63
12 85 69 68 81 84 47 60 62 37
54 97 4 87 37 32 80 46 93 98
93 81 32 62 63 30 76 90 85 55
21 78 79 48 54 85 65 92 98 92
50 65 42 88 75 31 45 43 87 90
63 42 65 85 41 14 51 55 51 46
78 60 29 60 65 27 80 96 89 91
72 95 46 88 96 47 72 87 76 91
89 84 70 43 8 58 33 84 93 55
29 52 33 93 72 47 30 74 21 69
92 41 26 93 84 86 94 56 45 68
55 53 47 94 41 63 25 13 46 44
51 48 38 93 91 60 75 75 94 54
39 29 61 31 64 35 78 70 19 50
38 87 82 65 50 97 78 59 98 87
48 36 80 66 26 66 90 65 96 87
52 19 97 90 40 74 72 76 71 79
51 80 93 90 75 85 38 94 56 64
91 95 45 61 81 62 72 98 75 40
79 22 50 58 53 47 98 39 56 79
63 87 50 86 93 95 54 43 14 52
42 81 87 93 25 65 39 67 78 94
