99 10
9 68 60 48 6 57 33 31 51 62
42 77 22 16 2 39 49 5 5 11
36 35 21 62 13 43 5 4 41 5
26 83 29 20 4 31 2 78 35 21
83 78 13 18 81 60 77 16 35 52
10 46 20 41 12 71 68 29 34 23
27 4 12 19 1 41 40 36 11 48
68 37 8 54 73 14 31 49 36 51
50 65 35 54 55 53 38 27 31 28
25 8 16 14 0 56 82 36 21 73
10 79 4 28 53 0 52 43 66 20
49 25 25 0 23 28 14 53 18 84
6 90 7 36 14 33 45 51 65 38
16 26 18 14 19 32 9 20 6 5
18 56 34 5 28 37 71 14 0 45
37 1 25 38 21 17 40 15 26 50
29 24 88 51 22 8 9 3 23 32
32 34 38 71 0 24 58 20 8 47
31 22 41 4 44 43 11 9 43 26
50 2 15 22 24 40 58 39 51 17
5 8 22 63 50 34 17 4 14 5
12 2 65 59 9 35 84 26 73 9
7 3 22 46 60 11 6 51 55 50
29 5 9 33 5 71 40 70 43 32
17 82 0 3 15 67 19 50 30 29
82 66 53 35 1 90 12 8 22 68
11 10 17 16 1 61 12 50 1 22
0 0 49 64 2 9 37 53 29 34
39 14 36 30 13 7 24 74 10 16
40 8 58 23 54 1 18 11 60 1
45 28 56 38 4 39 0 16 6 44
47 36 38 21 1 42 42 47 8 57
61 49 32 54 22 56 31 25 50 14
53 79 19 49 33 9 79 39 26 49
33 41 4 83 16 57 28 44 10 1
83 37 44 47 36 14 29 39 25 14
89 14 75 44 93 78 10 9 57 1
11 22 64 56 29 14 10 39 0 49
7 6 48 35 4 41 25 34 7 50
7 65 32 41 8 20 27 48 56 68
9 4 10 54 37 7 7 65 7 38
12 45 79 97 65 13 57 36 54 25
24 32 41 28 24 15 3 22 42 1
32 56 59 37 5 52 27 19 41 38
67 60 32 4 43 32 44 37 61 9
14 52 6 12 13 11 3 30 4 25
39 11 10 54 32 26 43 36 14 1
19 3 47 12 7 21 48 9 43 46
46 66 85 2 74 53 21 69 25 51
33 13 19 23 35 66 21 43 28 52
22 29 19 77 40 5 35 1 65 6
42 46 35 41 38 64 9 68 21 29
61 71 58 7 4 28 49 14 18 82
28 11 6 33 2 44 21 33 66 53
24 18 34 69 51 14 18 16 57 41
24 18 18 28 22 13 23 34 28 54
43 3 11 67 6 59 10 61 40 0
3 50 44 28 26 18 33 22 56 10
22 56 31 17 16 32 0 24 31 30
16 48 16 4 30 13 28 2 21 76
20 72 41 48 20 19 60 81 49 36
56 40 30 71 13 32 41 19 45 37
45 43 0 8 44 53 10 81 69 74
14 60 83 35 50 28 18 22 47 2
13 34 10 61 18 38 7 63 26 3
51 23 13 27 61 14 15 7 10 86
7 31 33 71 45 18 47 38 92 13
16 61 33 30 75 74 21 19 2 5
55 27 59 38 15 5 63 13 16 59
35 78 21 43 25 63 5 42 30 36
71 43 27 82 76 11 26 29 29 21
2 29 6 40 2 14 10 5 15 2
3 28 4 74 26 7 48 60 65 70
33 65 43 32 7 21 65 19 5 72
52 49 55 13 24 31 60 14 14 35
76 26 8 70 58 30 57 2 32 42
24 20 74 26 92 38 3 0 36 14
2 67 20 64 86 42 34 19 27 89
33 22 5 7 0 59 38 44 28 32
29 24 20 49 2 40 14 1 23 22
5 2 7 1 24 4 16 37 75 65
13 34 25 33 7 48 29 68 85 25
51 65 23 64 69 20 1 22 4 59
20 12 22 65 12 28 83 33 50 22
59 22 14 11 51 80 75 81 43 36
60 23 38 42 64 25 41 7 71 11
90 28 9 55 36 50 62 9 2 43
28 6 22 10 50 64 7 17 66 53
63 3 20 72 1 3 47 8 71 34
49 30 9 13 24 66 86 23 44 39
45 33 5 13 32 33 39 8 52 11
51 26 58 35 19 67 74 33 77 8
12 0 64 47 10 53 6 31 5 22
14 19 26 10 4 68 17 6 71 12
49 2 64 32 39 39 14 29 34 16
42 23 50 5 10 28 23 9 39 8
39 34 8 1 5 8 69 72 74 26
46 37 43 4 26 16 15 37 69 18
3 17 34 42 3 4 0 40 88 34
69 98 64 70 37 73 81 58 71 87
64 96 22 23 50 66 94 54 27 34
66 91 79 63 58 89 57 55 91 16
34 83 36 27 8 38 76 88 42 94
88 95 73 82 91 98 93 65 63 60
33 52 55 78 91 85 89 57 40 70
48 60 61 64 18 76 80 67 92 49
81 85 65 81 74 88 60 58 84 64
74 86 71 96 73 64 55 91 74 61
80 26 73 97 69 70 94 39 71 75
61 96 59 75 70 74 95 89 80 58
57 84 40 33 92 59 68 65 29 97
37 92 41 83 20 45 96 85 98 63
37 45 84 43 63 44 55 96 20 9
44 59 79 94 86 64 71 47 61 77
44 6 51 67 28 33 72 83 79 61
48 50 89 67 50 56 59 34 65 51
92 87 86 78 23 92 90 78 78 59
38 50 58 86 75 73 34 26 48 62
69 85 72 62 37 95 74 57 63 62
39 88 96 79 77 94 55 97 48 94
64 58 98 87 85 89 97 51 74 93
32 8 96 85 91 80 22 96 87 88
90 62 83 35 82 91 51 89 87 54
75 96 9 14 63 97 80 56 56 71
88 98 65 61 27 95 53 69 47 78
77 41 60 19 47 92 31 92 75 46
74 89 53 90 3 93 98 72 58 78
64 76 62 66 26 48 66 86 54 65
63 28 59 82 72 41 92 81 86 71
90 73 85 47 4 87 31 45 93 53
57 60 42 95 6 42 46 59 74 58
92 58 88 70 70 96 39 41 55 72
63 91 97 98 45 73 98 50 60 92
79 56 90 94 76 81 42 88 95 8
88 77 89 96 54 52 95 57 91 49
90 48 98 90 97 96 78 75 70 78
20 96 65 63 39 65 33 76 73 69
92 55 58 64 61 90 36 83 10 61
44 92 94 46 55 62 76 89 91 83
59 71 18 76 53 8 95 75 9 49
34 55 98 98 92 24 63 53 87 76
52 32 86 70 40 80 89 50 96 40
55 89 96 38 56 71 85 41 94 95
69 63 71 32 97 84 86 92 95 84
64 60 52 84 30 34 65 62 13 66
76 84 98 72 56 30 76 85 43 63
39 14 56 80 24 76 77 41 81 77
73 74 96 34 88 69 79 79 63 73
72 40 35 90 58 76 57 89 83 71
85 67 98 88 90 11 81 56 96 25
58 91 72 67 56 95 55 69 86 70
74 73 70 57 60 89 68 33 83 91
49 29 53 45 55 73 45 74 80 65
26 33 42 72 79 37 50 86 88 90
80 25 40 74 29 37 79 87 30 77
97 42 25 82 33 63 45 63 69 89
47 65 60 78 54 58 78 54 62 44
40 82 73 19 43 80 47 92 92 75
70 89 54 80 63 46 46 47 42 90
87 89 58 75 60 36 63 89 89 64
77 48 52 76 93 77 44 20 90 37
76 85 26 62 67 69 58 82 75 81
60 73 94 98 93 29 94 50 66 73
32 92 92 88 74 69 80 69 65 9
83 70 43 91 85 20 24 82 15 96
93 45 62 73 64 42 55 68 96 70
69 92 70 33 98 82 30 61 41 52
86 59 61 53 18 65 98 91 95 85
44 94 82 81 31 69 94 74 39 67
89 95 57 96 77 22 62 63 36 38
55 62 43 73 38 86 90 87 97 57
13 71 70 79 67 71 80 89 84 93
73 89 44 89 59 67 93 45 25 77
68 73 74 66 66 91 75 73 60 41
85 43 57 80 62 96 59 14 74 75
31 39 97 44 93 77 53 20 48 24
31 84 36 92 89 44 87 55 35 95
56 96 96 22 50 69 62 68 95 64
89 64 51 61 53 80 75 81 83 61
44 35 94 43 25 22 37 78 95 77
41 70 87 95 86 97 62 82 86 26
73 88 26 87 87 33 25 75 30 65
94 26 36 85 64 38 90 49 86 74
59 26 72 47 80 92 85 84 49 94
84 56 61 44 75 45 60 95 95 64
94 35 41 86 49 95 98 48 92 97
56 26 96 41 83 66 35 69 90 83
79 49 66 82 15 77 50 89 86 42
78 41 82 89 44 87 92 72 52 44
89 52 68 77 79 86 59 14 68 88
88 65 82 55 58 86 76 97 78 25
49 41 83 49 65 55 45 45 59 33
28 26 39 30 54 98 35 7 85 15
52 77 86 72 67 43 74 45 50 85
60 81 93 63 20 87 54 30 80 80
84 65 72 47 17 22 87 93 79 34
60 73 90 16 61 77 33 53 81 56
85 46 37 66 67 44 31 82 93 34
