299 10
12 32 75 2 21 73 187 89 10 186
1 100 149 27 12 143 109 62 173 41
201 62 3 5 116 161 0 18 24 111
4 109 40 183 70 108 180 208 105 8
15 40 176 141 26 8 45 71 39 174
15 44 96 162 64 50 31 253 139 134
18 179 136 56 30 38 50 84 13 33
201 73 54 91 42 12 83 36 78 47
21 84 47 55 69 161 125 164 169 121
72 66 143 12 163 48 7 183 220 240
115 29 124 155 52 54 22 39 99 228
136 112 27 114 57 104 262 210 122 28
53 17 53 46 51 48 12 93 125 149
124 199 137 187 113 134 51 220 208 115
39 59 11 115 128 17 144 26 46 122
22 249 85 140 148 188 80 136 40 175
35 238 1 10 181 149 27 65 55 42
40 207 118 115 41 71 7 195 159 7
170 41 52 16 159 6 126 45 3 27
3 60 109 26 36 144 8 97 6 93
21 107 56 61 43 114 90 138 0 51
36 155 46 260 8 5 146 98 224 142
34 89 87 62 20 214 118 58 99 48
218 100 11 84 271 125 49 116 147 48
6 96 28 260 150 183 189 153 141 111
48 2 71 19 96 53 189 24 53 205
34 5 231 135 134 7 141 114 198 83
27 175 110 62 16 112 79 181 74 218
16 56 213 12 182 94 229 176 178 231
107 46 28 17 44 19 119 17 38 29
39 154 2 180 3 38 182 49 177 252
31 52 88 238 3 48 176 103 132 48
199 24 102 135 66 75 118 82 99 236
123 48 70 140 85 277 12 153 115 78
160 47 91 159 89 113 64 66 77 108
189 12 29 121 41 75 21 185 193 57
61 286 85 151 12 138 134 93 7 92
264 98 0 139 218 94 122 255 36 19
43 269 120 159 153 55 52 180 185 54
150 9 0 7 142 66 166 181 50 104
6 125 62 72 169 245 71 53 116 105
26 128 26 12 159 158 28 95 132 43
20 14 175 278 193 6 89 48 15 81
15 125 11 178 21 134 26 13 163 204
68 20 31 100 137 15 58 20 58 37
112 93 75 180 193 155 131 193 58 53
173 36 179 177 58 62 73 54 126 74
111 207 195 8 190 171 138 130 103 83
4 57 120 165 39 53 155 120 26 109
146 127 118 249 113 100 150 32 46 94
14 69 134 16 136 112 2 40 134 29
184 26 49 32 39 63 147 173 131 13
275 119 10 182 185 61 56 4 86 120
38 256 91 181 115 42 230 208 31 227
39 15 95 120 15 147 223 214 6 96
57 260 130 78 114 32 133 156 76 12
130 27 15 209 84 2 23 32 30 141
113 100 67 25 37 99 29 27 0 80
17 44 172 43 120 65 60 20 256 41
280 85 4 3 239 20 83 16 85 38
24 125 162 38 158 113 5 113 125 67
250 5 125 184 185 185 141 94 39 157
144 24 227 155 14 149 89 32 92 124
9 201 60 203 54 198 15 145 173 120
183 32 59 34 192 155 35 194 49 34
1 104 124 191 200 146 231 24 124 86
17 55 214 117 3 49 62 136 176 226
27 14 17 234 13 144 188 170 195 38
98 171 154 78 33 47 10 187 184 103
92 245 17 12 217 10 104 56 110 102
139 118 17 20 44 29 80 121 74 149
41 119 9 175 130 12 162 113 127 149
10 20 23 235 69 190 132 48 101 122
31 50 11 253 26 118 24 2 123 15
52 167 11 76 123 52 88 136 31 21
68 50 78 78 37 71 11 26 60 184
90 13 41 90 133 2 15 41 79 144
214 188 100 146 185 31 184 16 125 148
89 5 87 216 51 88 200 180 55 248
95 135 33 140 153 27 39 161 125 83
255 61 4 65 29 45 22 87 74 194
119 129 113 32 239 203 112 74 56 74
40 15 123 44 45 24 206 12 120 33
136 53 15 42 77 16 168 15 66 173
33 17 173 85 103 119 6 0 81 59
72 124 111 116 116 13 58 11 47 73
112 210 21 83 126 41 12 18 133 208
43 115 145 149 66 87 15 94 125 65
250 227 93 36 93 127 136 31 19 32
76 126 87 145 92 165 117 63 8 18
0 171 53 148 71 8 81 34 192 96
135 107 278 72 26 53 7 227 87 161
21 125 91 38 125 61 139 109 54 153
56 38 140 54 87 54 158 93 29 87
219 210 102 8 193 20 74 65 24 87
130 133 6 153 103 124 43 67 42 133
143 142 112 63 8 113 89 124 163 164
64 164 81 23 48 5 16 38 4 148
4 3 43 160 178 151 11 109 120 218
190 49 57 273 27 70 61 92 191 107
96 46 3 61 195 98 38 159 116 90
94 225 79 70 176 128 28 100 119 5
30 212 23 55 127 31 164 33 187 85
12 121 53 176 210 188 162 39 184 57
114 102 6 227 68 48 132 126 150 56
185 88 14 87 124 4 128 10 84 45
89 6 24 19 55 51 46 21 197 172
39 98 148 27 225 226 113 10 143 101
162 17 71 20 17 59 64 88 30 220
31 39 230 64 89 10 66 205 176 92
100 39 240 87 63 146 1 76 0 50
53 181 75 50 120 150 96 97 160 194
69 221 135 35 6 193 151 94 108 43
109 92 88 46 233 66 79 181 152 73
57 275 71 3 39 35 134 121 243 10
117 193 52 60 53 41 64 185 15 62
118 147 207 5 164 192 274 59 232 154
17 78 4 212 39 175 71 102 92 96
148 79 101 92 37 75 15 221 72 103
61 78 64 14 117 260 24 208 65 29
101 168 7 96 128 38 148 234 17 74
99 50 95 19 11 162 20 45 105 96
28 109 77 32 127 28 95 9 6 93
48 92 100 9 32 214 111 51 157 127
44 76 116 115 228 12 0 197 253 2
281 51 124 214 27 113 7 82 67 204
2 114 256 116 67 121 27 62 15 218
202 89 8 89 28 80 97 164 92 144
224 49 71 21 79 102 16 11 144 99
6 180 123 105 0 235 160 110 52 65
169 12 174 43 142 75 269 262 27 19
0 33 280 65 153 31 100 117 145 36
86 33 29 43 199 70 134 90 75 64
22 41 56 0 45 128 167 131 245 45
7 187 18 12 57 81 216 164 34 143
18 111 92 182 125 187 64 109 118 43
34 276 75 186 2 12 116 144 212 91
70 62 143 221 105 211 160 20 10 23
85 172 160 55 34 69 43 56 200 150
71 13 8 85 13 37 19 142 192 46
263 144 185 108 180 88 97 261 40 1
115 2 54 158 174 38 267 41 79 31
13 125 99 208 91 187 211 112 135 203
141 23 111 51 181 16 124 46 135 97
8 51 10 93 96 89 121 65 37 190
11 67 160 180 131 31 28 163 35 172
221 15 78 90 61 93 292 59 141 48
71 225 185 93 109 102 30 181 163 64
95 130 2 110 13 5 223 127 59 105
75 28 200 200 33 54 115 117 178 10
142 22 82 111 6 141 187 150 219 54
63 46 7 122 123 66 151 89 9 284
0 80 179 30 144 264 272 31 32 32
125 76 28 117 32 214 180 1 144 254
189 125 167 15 142 212 268 27 86 156
139 189 213 21 157 123 94 7 54 70
138 15 73 65 35 64 186 0 27 162
24 156 26 6 61 35 26 168 265 207
152 61 216 110 114 50 37 145 50 105
54 35 75 111 31 74 116 114 101 174
148 26 48 43 132 7 60 67 234 161
21 23 79 122 72 201 48 85 140 156
222 51 213 142 155 99 60 107 107 57
8 132 195 73 83 191 86 122 164 64
201 48 125 181 37 212 111 223 12 61
88 141 28 91 159 37 111 105 180 101
40 150 79 5 224 75 184 186 47 22
117 213 15 205 154 130 12 159 97 32
101 63 249 183 26 68 45 169 41 68
54 42 136 146 53 255 136 146 125 138
223 18 259 35 2 254 228 72 209 0
122 212 220 245 178 243 226 150 12 50
13 246 83 11 29 114 61 55 124 5
12 212 44 19 146 108 113 58 122 15
102 20 76 86 180 147 48 28 8 102
221 9 119 199 69 13 145 77 83 2
61 35 57 132 40 202 165 59 12 93
165 78 27 205 110 196 228 62 2 70
43 25 72 12 215 21 90 125 153 151
45 223 146 29 212 17 44 125 80 135
49 216 119 267 94 150 38 63 11 85
99 57 42 167 153 17 63 0 52 55
106 21 37 77 105 14 39 89 156 64
177 251 1 180 4 175 157 92 171 180
2 88 5 47 20 78 53 103 22 5
221 118 189 133 196 82 236 16 3 0
1 48 163 182 81 62 16 10 168 41
92 165 25 213 103 200 143 5 30 187
19 157 94 188 51 18 183 95 57 24
251 96 3 32 201 230 127 35 170 50
216 105 59 197 18 206 185 111 5 88
87 17 105 22 73 27 33 7 167 17
90 79 244 34 158 225 50 12 170 42
46 135 282 150 18 151 53 86 16 24
62 2 28 141 93 80 96 102 44 66
76 37 19 94 163 62 15 89 156 203
238 137 143 198 64 18 103 40 51 155
272 58 91 41 19 70 6 96 34 273
2 99 183 37 137 4 9 90 219 30
129 28 56 128 65 146 39 129 81 187
45 93 106 246 195 11 252 131 6 176
19 97 109 133 121 60 18 79 13 62
81 49 133 249 139 149 144 102 178 108
155 195 111 29 186 37 56 9 152 138
113 15 79 150 145 96 46 45 218 23
3 26 33 75 88 49 166 27 59 89
94 22 144 177 67 17 133 0 177 130
9 32 39 40 110 172 90 33 169 133
76 99 18 8 112 172 40 235 171 90
3 49 56 12 85 99 192 93 22 78
10 33 104 39 113 266 69 42 63 30
129 144 159 12 133 6 217 132 156 70
189 122 26 32 22 152 126 174 18 160
122 148 111 211 24 255 128 12 155 195
175 53 172 93 3 88 128 33 153 221
220 68 102 215 87 1 110 216 214 26
151 10 45 121 31 101 93 32 128 4
164 34 174 217 0 134 157 75 74 62
49 188 3 130 72 188 162 53 116 5
212 195 123 104 209 165 177 131 69 44
153 39 6 30 151 155 42 202 4 31
152 193 44 64 17 130 191 29 62 7
40 85 54 20 86 40 82 42 191 242
144 38 67 88 155 15 3 30 112 67
218 34 171 51 104 35 143 42 187 87
78 82 207 21 93 39 0 85 3 225
19 184 16 186 184 43 162 31 73 105
75 8 166 37 80 140 8 96 63 97
140 129 206 225 71 1 40 10 78 113
79 157 159 50 42 124 270 63 13 157
178 23 222 246 147 109 5 166 40 102
22 180 27 208 61 105 44 200 174 187
141 3 277 77 164 262 161 35 165 0
217 65 278 36 5 112 15 89 102 177
60 278 158 156 13 113 208 12 126 231
252 2 35 74 33 214 3 6 47 183
86 35 72 3 142 200 204 204 35 94
1 89 48 21 58 197 114 239 12 89
58 109 68 154 141 20 167 4 46 47
95 109 117 43 25 176 206 135 74 201
131 134 19 80 178 39 214 107 97 32
0 201 14 80 148 168 72 126 112 206
273 148 43 22 138 33 108 129 71 75
30 16 17 218 227 20 239 201 19 22
267 208 20 14 261 262 89 59 152 10
60 28 79 71 72 189 80 159 261 95
196 33 41 5 36 73 123 5 46 46
29 121 72 142 131 63 27 74 59 223
31 138 92 39 35 86 33 83 44 120
183 117 71 61 74 102 27 246 96 69
5 80 233 40 223 16 122 97 96 67
139 38 152 49 7 148 127 59 47 53
39 35 22 121 27 124 213 4 14 14
73 169 193 257 69 154 45 5 23 71
188 115 102 1 64 25 122 21 66 110
121 95 181 47 214 124 141 186 28 87
48 60 73 19 19 124 195 184 1 144
140 33 143 166 127 279 41 12 98 221
128 73 121 44 66 76 42 258 188 145
78 181 75 14 168 245 166 25 82 64
9 126 12 114 13 112 9 12 207 81
191 18 71 78 122 33 130 15 117 86
25 87 136 80 14 0 175 137 46 71
229 61 63 85 46 157 8 221 136 162
62 75 28 87 137 76 285 95 96 77
84 23 22 31 195 37 42 232 222 53
120 122 29 113 187 94 170 94 75 74
154 36 70 18 112 254 13 201 179 52
34 226 141 26 131 283 60 65 201 7
0 110 183 45 153 237 18 56 30 78
48 80 19 72 4 15 132 38 66 238
34 158 158 234 62 251 67 3 207 180
56 39 96 12 4 110 133 23 76 38
84 227 106 0 19 223 62 87 5 138
243 181 89 191 58 40 184 266 197 68
35 23 5 123 54 190 8 179 176 19
104 64 67 0 7 62 146 43 31 275
148 122 44 122 97 53 109 5 194 22
149 111 104 116 23 28 82 122 25 85
191 10 61 50 2 217 59 182 32 182
49 61 99 163 33 1 34 201 70 30
208 114 199 231 73 97 265 2 101 142
119 68 11 53 135 70 186 59 45 250
212 156 15 148 5 14 37 6 147 112
65 55 60 64 18 63 1 129 183 139
99 32 217 57 135 91 160 81 44 58
158 159 87 45 172 21 116 54 79 104
256 151 4 33 9 227 80 16 116 264
102 190 36 174 77 29 26 244 18 253
127 19 102 24 59 69 104 13 174 254
95 190 17 131 117 31 239 13 102 137
137 94 162 102 141 33 109 28 151 219
15 12 35 129 70 123 252 96 41 227
58 161 123 184 50 108 24 140 4 115
234 6 4 22 15 40 136 73 120 231
247 40 134 24 76 43 18 55 43 79
186 104 148 86 74 209 70 51 164 137
249 95 77 67 38 132 31 170 31 8
137 40 151 30 73 35 44 116 82 78
37 48 114 6 92 255 245 118 294 289
192 248 273 65 163 262 147 275 291 144
270 188 185 285 226 280 280 293 183 243
16 283 203 278 102 259 262 240 273 170
37 68 258 250 187 152 122 286 55 225
24 128 120 245 100 194 46 257 289 190
176 208 204 175 193 218 158 292 185 51
268 233 134 124 156 206 272 92 275 154
76 279 79 214 114 269 154 298 234 156
295 108 264 260 215 237 109 294 266 240
170 289 297 264 145 103 247 199 161 278
167 264 290 190 125 192 271 215 129 196
142 278 123 103 156 183 231 274 198 170
293 255 159 231 162 173 52 240 210 137
130 245 225 284 280 66 152 249 231 284
44 295 88 226 220 231 118 158 190 272
172 282 182 65 202 200 295 200 198 206
273 294 130 207 210 215 251 214 162 165
266 294 124 20 292 227 235 218 202 214
53 208 141 133 250 285 52 193 287 256
221 263 122 262 219 205 111 265 275 211
196 196 108 260 9 136 160 268 247 272
165 103 240 276 82 240 214 255 222 272
229 237 146 250 281 211 183 216 155 254
79 222 251 288 206 215 247 252 163 205
132 31 254 229 244 216 271 133 121 260
37 183 293 217 293 120 251 150 286 127
231 285 238 162 244 279 274 207 250 273
69 130 229 13 194 159 274 247 199 283
270 203 205 209 179 271 180 112 296 147
110 228 225 185 51 181 217 59 238 253
280 191 133 252 259 280 196 258 172 252
250 111 195 188 165 235 211 288 152 239
289 57 115 298 170 293 38 288 116 220
210 270 112 254 155 216 259 181 220 148
216 25 117 227 58 211 139 196 204 284
143 297 90 207 55 148 210 233 44 183
287 204 214 262 250 215 283 280 153 179
264 290 217 166 196 189 223 288 264 202
287 271 167 298 191 133 235 294 242 125
277 234 296 113 220 295 193 75 206 276
94 177 123 43 174 176 283 262 205 169
220 103 274 292 239 44 232 277 166 132
96 160 60 237 258 182 60 96 164 240
243 217 146 235 274 282 77 106 282 191
210 100 230 281 197 274 141 286 222 201
266 290 261 195 147 121 197 72 254 258
249 250 290 298 234 230 282 135 218 123
81 298 275 233 254 142 196 286 262 245
262 157 166 287 219 250 178 161 190 147
217 84 167 125 252 144 282 97 272 295
198 277 171 75 215 168 229 261 292 227
279 241 35 197 204 218 79 217 268 276
274 287 297 253 284 298 260 248 140 294
111 259 297 156 80 256 264 290 119 217
208 297 252 238 296 94 228 220 158 134
182 145 27 222 104 156 197 279 102 153
167 151 199 95 60 131 132 199 228 169
227 235 220 208 128 67 235 52 286 238
281 254 72 129 268 84 116 270 138 169
188 194 202 43 196 277 34 135 258 95
277 298 171 187 257 258 292 130 66 206
176 208 285 193 187 291 293 46 107 263
188 202 276 258 195 262 281 203 256 180
246 198 196 47 233 159 142 254 127 44
70 215 156 236 210 192 236 50 217 118
269 86 260 282 125 82 87 220 279 279
151 202 63 277 240 179 256 215 248 151
131 273 297 139 65 201 238 221 193 223
188 286 150 166 227 195 235 124 251 159
180 192 133 58 151 109 146 266 99 167
218 163 88 281 239 130 217 145 175 290
166 259 152 245 204 259 171 79 230 197
155 92 43 286 168 297 161 40 215 192
221 216 257 289 175 291 161 151 293 194
163 107 237 161 88 224 296 75 126 285
107 152 184 236 135 99 15 212 264 278
245 295 111 158 222 233 291 244 244 268
250 231 294 277 215 111 215 181 186 286
174 184 259 296 214 208 67 176 172 245
297 115 64 185 126 238 128 273 103 207
276 143 283 99 253 205 186 141 170 177
56 171 173 119 270 169 259 291 130 275
265 193 298 50 124 151 224 123 113 294
156 157 183 288 197 223 219 109 126 71
157 196 274 137 231 108 230 17 226 120
203 279 242 197 160 145 66 44 157 225
256 281 193 256 281 211 150 149 203 290
275 295 261 293 226 288 187 289 171 59
158 154 165 170 277 253 176 298 93 257
215 202 124 208 239 294 170 113 286 206
243 223 280 270 64 276 87 242 165 178
94 169 247 110 244 197 210 244 285 281
123 236 160 202 110 195 210 280 162 186
222 223 116 99 218 49 231 136 229 121
248 216 280 159 240 134 65 169 210 152
297 160 146 214 26 217 179 134 191 237
230 292 215 167 186 118 72 107 259 271
88 138 97 241 180 274 92 243 144 222
249 88 277 295 124 131 296 206 222 260
179 168 119 85 271 287 50 185 130 298
231 252 143 297 269 129 79 143 239 50
261 226 148 90 143 291 175 257 263 206
58 275 102 199 254 228 170 244 213 106
139 260 288 243 243 155 181 224 234 185
298 240 74 159 258 92 298 125 285 70
160 152 155 87 149 212 270 36 210 224
172 112 201 213 292 283 132 251 270 196
233 229 206 255 166 203 287 241 285 271
143 175 263 209 262 205 269 208 235 170
254 207 246 158 221 251 114 268 114 248
61 214 287 232 279 154 188 193 274 285
134 223 138 225 178 200 296 246 234 157
146 234 142 189 253 243 160 287 263 278
290 288 241 157 165 283 276 139 267 292
144 199 100 261 225 152 170 269 126 159
282 284 255 95 268 227 291 74 232 167
246 247 95 221 160 217 269 171 125 131
269 207 288 135 137 274 165 251 215 196
279 108 236 206 144 281 293 258 72 115
219 257 181 106 128 206 156 241 101 296
283 53 220 125 41 291 112 201 168 112
241 235 177 36 129 186 260 207 88 153
165 228 259 15 138 269 188 231 179 263
129 193 225 224 276 180 160 247 275 192
281 51 284 268 209 281 87 198 296 220
84 158 291 263 280 132 284 272 147 236
288 252 125 201 255 114 187 220 268 297
234 185 298 180 134 218 234 123 245 124
60 254 236 154 88 264 217 297 234 232
286 16 181 247 167 148 290 281 259 121
252 92 291 89 279 62 274 192 179 281
283 188 112 262 274 204 224 93 84 244
31 273 73 271 270 265 252 269 263 170
161 239 103 46 103 178 274 179 166 216
112 209 135 230 284 208 247 122 168 77
205 285 164 257 139 267 258 207 268 272
181 110 251 252 109 289 195 221 20 267
288 216 230 164 258 282 62 234 259 168
179 267 60 271 35 171 172 183 223 230
289 282 235 135 294 98 265 289 60 18
246 298 87 189 184 40 289 90 143 74
107 219 290 256 267 237 223 118 293 264
293 289 148 134 242 20 127 106 244 134
104 214 126 213 242 207 283 102 254 260
233 231 239 266 288 265 175 293 42 289
290 70 265 189 117 220 293 283 182 117
102 274 278 158 245 164 286 189 207 165
182 293 96 219 115 227 277 291 165 244
105 282 222 212 191 168 174 218 204 48
169 148 133 134 283 156 235 184 268 260
190 117 157 265 271 221 173 296 99 294
84 88 281 110 219 294 282 251 224 67
287 127 69 278 184 259 260 49 218 256
249 192 183 211 267 260 286 223 136 176
209 235 252 114 255 203 154 27 265 87
212 216 171 205 146 117 228 290 196 192
218 220 108 121 195 81 275 253 294 256
163 82 219 213 250 266 217 272 167 126
111 47 232 204 133 112 120 156 275 233
271 253 159 288 289 15 145 161 289 220
251 132 120 147 256 287 291 211 223 241
256 121 280 168 242 198 229 210 203 281
93 257 291 158 113 266 215 194 241 186
275 76 165 186 78 291 163 281 178 204
225 260 53 214 176 208 257 211 204 196
275 224 218 35 264 239 186 273 207 150
144 272 230 278 200 287 193 211 163 285
112 174 294 254 169 251 151 202 156 291
113 135 261 237 242 261 201 194 211 189
240 227 261 206 54 297 245 187 224 193
280 286 227 283 212 289 271 161 27 85
262 254 109 202 200 284 92 202 263 268
194 232 272 285 285 281 280 189 133 29
153 24 122 226 184 284 274 38 211 277
252 93 295 261 230 165 291 208 135 56
89 213 177 277 48 228 219 137 149 196
212 114 72 244 197 289 280 249 178 187
71 203 264 218 265 58 199 266 155 231
243 273 264 197 215 87 201 229 97 261
261 278 280 284 259 158 193 144 173 171
143 208 67 188 200 223 122 145 97 203
272 36 172 205 207 250 98 193 196 284
209 278 103 276 141 215 184 242 291 287
157 95 18 71 254 109 223 142 143 65
246 143 202 172 207 222 251 110 259 158
151 216 238 266 87 156 91 126 223 91
232 200 29 264 222 255 175 159 219 243
111 279 102 198 197 86 193 272 139 30
270 152 126 254 203 233 150 295 215 169
224 291 160 288 250 244 271 215 54 118
140 287 218 141 142 276 242 181 291 232
252 295 279 101 241 247 116 99 240 207
116 237 284 244 278 186 278 283 215 133
73 73 148 245 275 140 186 232 198 106
283 140 96 255 237 155 117 94 196 221
251 254 182 253 222 169 268 258 260 229
282 200 165 84 125 155 215 257 144 291
52 271 268 260 138 227 223 264 297 134
186 138 260 296 85 286 127 150 189 237
73 241 242 280 294 239 295 288 18 295
255 255 166 170 236 152 50 211 135 230
223 136 180 283 267 267 290 145 273 110
217 247 115 54 259 268 228 258 221 234
216 268 111 292 153 216 123 100 246 254
177 186 141 273 201 112 291 62 269 161
278 70 212 224 67 254 192 253 267 226
108 200 227 284 146 250 147 248 263 203
297 173 225 245 156 222 200 240 260 212
10 277 214 146 275 241 223 256 30 93
123 283 142 148 279 294 85 297 270 295
138 151 213 42 277 153 243 283 219 216
265 215 109 212 163 283 248 256 102 193
167 282 191 223 92 288 273 259 232 258
247 122 269 219 286 172 202 205 245 298
236 211 129 296 229 195 291 265 234 155
161 270 53 123 231 294 293 32 293 66
246 193 210 278 281 161 187 90 106 69
276 294 80 205 211 296 196 255 155 272
276 262 128 168 280 177 247 162 198 118
187 88 62 111 198 236 262 284 18 290
199 239 50 154 175 136 193 256 267 296
65 92 159 239 296 145 143 264 201 257
252 224 119 125 224 191 121 295 224 138
222 109 207 264 220 149 296 169 196 89
290 132 223 185 123 108 64 250 118 233
28 188 165 237 247 122 271 259 254 126
98 121 269 180 82 191 22 177 119 213
254 173 287 280 222 273 270 109 81 276
194 286 202 247 160 134 270 86 215 245
197 67 280 293 215 269 148 250 172 200
49 262 220 242 245 258 110 211 265 197
296 265 287 154 184 267 224 209 237 241
255 277 284 245 125 163 84 218 192 191
77 289 240 290 49 207 267 120 285 253
262 76 227 219 182 294 156 101 81 293
134 90 182 91 253 286 268 289 232 223
226 101 234 261 88 217 239 252 155 263
224 271 164 283 253 153 187 224 280 259
110 291 203 141 47 177 252 297 239 283
230 191 143 197 296 62 266 259 234 133
94 259 187 179 267 241 182 193 238 282
282 161 57 93 269 284 233 193 244 167
224 214 71 234 227 22 287 214 175 114
277 214 220 89 269 284 251 219 293 161
106 45 217 290 296 201 142 277 274 156
267 97 215 286 294 285 257 146 230 247
145 148 116 162 273 244 298 197 176 272
64 268 133 139 114 255 119 88 100 172
189 269 90 218 128 204 286 251 154 187
240 295 258 225 285 188 240 132 174 295
258 298 262 117 186 222 139 125 259 217
106 61 143 188 55 133 283 238 139 63
255 220 231 287 224 242 78 278 289 99
283 246 283 168 105 148 150 138 147 204
201 117 250 59 266 267 282 292 249 229
158 207 231 68 76 180 251 272 132 273
179 271 279 220 178 289 95 267 293 261
157 133 277 127 182 81 177 290 218 171
287 224 216 145 210 248 169 239 148 164
110 126 141 136 53 140 50 58 260 237
206 171 185 154 157 290 154 215 213 295
77 102 190 95 228 86 293 150 274 280
284 220 68 113 110 273 210 224 154 275
131 99 88 116 161 145 292 106 186 159
221 129 213 174 289 253 283 237 258 54
212 193 147 190 238 276 240 103 170 76
195 256 232 282 229 270 67 222 194 100
73 246 268 217 174 291 115 175 223 187
202 156 232 246 216 258 38 251 144 119
193 120 129 267 154 88 185 71 230 259
107 180 256 275 151 277 222 53 238 203
293 194 114 238 56 190 158 139 193 293
94 228 248 292 96 247 198 292 143 197
289 280 92 255 150 122 241 275 271 109
217 29 147 222 261 200 48 292 234 133
289 268 171 93 196 179 173 241 248 292
282 270 181 246 160 76 269 102 238 161
282 245 260 147 283 173 262 191 27 294
254 41 188 160 86 254 169 259 41 212
137 243 142 277 163 76 138 210 201 119
281 140 219 259 268 297 288 82 264 194
262 124 217 211 262 76 284 235 67 283
292 166 197 166 158 216 48 8 276 217
208 193 133 243 135 97 250 180 195 256
102 219 234 162 207 181 213 277 234 254
167 209 177 245 187 93 292 248 200 246
257 254 140 282 80 295 252 222 229 271
198 265 77 227 158 233 193 267 39 298
150 187 259 278 210 75 138 96 239 272
219 246 181 164 118 214 266 282 139 277
280 193 281 165 146 250 191 179 242 284
24 79 174 168 296 159 255 210 213 285
255 294 215 243 75 288 204 206 248 297
297 39 253 164 59 262 231 196 170 290
278 80 296 148 229 187 196 112 150 137
270 293 150 196 282 285 109 145 269 198
270 159 287 163 295 278 251 171 252 194
211 58 156 285 139 200 53 264 223 104
