299 10
21 5 34 197 162 199 108 207 48 49
134 16 141 40 35 166 10 72 98 114
24 125 25 219 46 177 165 86 6 237
161 256 156 5 263 44 54 30 95 36
38 18 136 189 169 71 4 1 87 1
23 1 82 205 3 180 76 171 47 189
116 29 65 139 146 30 1 47 205 80
2 3 74 63 26 122 34 68 78 25
84 126 40 57 103 71 64 70 4 54
37 17 11 89 82 22 168 111 52 177
52 167 138 158 43 72 87 90 38 75
176 120 165 97 25 170 8 58 66 110
24 156 275 69 11 99 268 202 47 154
184 173 42 16 11 62 146 213 193 211
22 282 5 119 217 152 0 48 203 188
27 71 35 209 24 69 56 253 69 40
29 179 57 247 168 18 1 53 40 31
24 58 71 153 120 15 118 51 177 126
287 56 148 100 165 85 181 130 84 213
124 10 0 227 40 18 78 71 267 87
142 128 31 29 45 95 91 99 199 173
163 170 53 250 89 53 205 172 154 183
3 189 28 42 223 57 249 4 74 3
260 224 29 75 167 197 70 67 166 130
109 31 30 175 156 62 5 16 42 89
182 182 43 48 204 5 209 231 71 54
48 28 197 236 175 3 169 23 47 199
140 70 37 0 135 243 33 188 65 71
43 147 116 97 143 103 198 33 104 84
55 0 147 53 112 51 207 96 105 280
33 273 82 100 170 120 89 46 185 132
0 81 10 78 201 185 57 141 19 199
36 38 56 14 6 41 70 47 83 201
1 220 33 33 10 255 92 113 33 7
209 93 151 200 59 64 12 106 143 140
195 10 77 80 70 120 271 32 35 49
89 64 131 173 43 100 60 34 41 104
3 19 26 175 59 59 198 143 193 52
111 127 26 32 85 167 74 160 111 210
109 5 253 253 0 2 195 46 5 32
63 11 125 195 70 238 132 58 85 145
56 80 93 122 45 13 97 65 43 154
47 88 61 138 121 95 125 12 4 265
139 43 66 135 52 165 171 154 63 134
21 65 142 44 118 55 115 7 16 45
154 37 16 111 36 8 31 119 25 228
70 200 195 107 92 117 63 110 54 82
203 55 107 206 1 42 83 91 57 43
83 227 145 137 54 142 216 31 102 187
258 163 4 36 64 2 239 16 41 26
66 224 143 36 43 10 143 55 149 48
67 65 93 69 58 78 24 69 163 149
35 57 37 112 27 75 29 208 3 216
67 205 83 12 68 76 69 177 144 76
194 25 129 44 213 63 13 39 6 6
219 47 195 199 217 97 55 73 174 69
52 41 214 20 55 197 21 141 106 87
113 139 24 86 95 24 141 136 20 112
98 99 176 25 25 5 1 223 220 122
112 78 84 182 257 191 130 48 36 23
7 112 111 29 3 166 35 100 160 74
118 22 22 123 16 18 141 208 2 231
123 198 77 98 206 57 65 24 234 224
119 58 131 105 16 61 105 59 36 145
113 24 234 6 164 164 9 110 263 122
125 96 82 150 140 11 27 125 49 91
193 7 68 40 77 198 24 15 94 54
167 277 42 72 21 131 2 56 51 5
67 144 69 8 214 89 52 236 103 153
173 36 46 172 115 30 151 82 15 14
220 158 188 44 120 35 105 67 161 94
70 63 53 22 181 40 105 3 30 121
53 96 18 65 45 71 1 24 144 107
46 89 121 65 163 128 107 93 221 186
80 25 281 117 26 17 178 104 76 6
96 6 18 47 0 16 202 137 127 82
78 77 93 157 0 33 78 8 51 103
60 199 157 214 155 29 92 92 140 36
178 109 219 17 80 205 46 68 72 8
191 122 62 97 264 144 139 105 149 212
72 6 177 24 33 92 43 0 18 213
248 20 176 152 102 147 38 139 51 207
191 129 23 164 63 116 161 155 195 32
91 138 148 148 61 44 217 147 2 98
24 54 250 55 113 5 187 152 157 127
97 50 2 72 99 54 125 20 151 10
57 57 8 227 38 53 71 14 95 114
67 103 90 168 42 168 153 11 4 30
143 224 63 153 81 107 12 50 13 151
217 54 115 134 74 151 8 274 36 158
254 235 148 2 175 15 63 164 11 30
26 44 151 98 6 86 39 186 42 74
57 9 130 177 166 49 6 36 70 120
35 41 105 88 125 130 136 244 93 93
19 201 129 67 86 35 266 196 55 151
51 165 70 30 217 83 188 121 118 289
7 187 29 142 28 26 131 9 10 212
159 22 37 69 33 149 22 132 45 99
32 45 240 32 121 31 152 73 69 119
176 3 115 43 226 156 30 53 17 100
182 11 23 4 50 61 114 198 12 85
74 171 162 66 137 8 167 76 176 132
22 68 90 27 19 60 17 44 45 2
201 119 54 37 52 88 70 17 52 46
230 61 1 124 38 146 21 104 43 169
134 140 105 140 224 75 17 114 10 15
204 26 55 166 114 184 91 83 16 24
120 141 80 166 132 103 21 122 222 39
65 23 33 51 139 22 171 183 95 31
202 188 29 170 21 10 1 30 76 2
26 154 162 115 32 29 35 147 29 2
80 93 66 34 139 44 182 18 66 32
90 163 115 148 0 123 161 178 63 89
65 118 31 85 274 24 37 12 165 92
4 97 295 98 97 86 172 39 62 0
9 50 90 218 42 83 41 24 245 42
44 192 2 63 200 39 31 80 240 136
60 165 208 83 40 69 66 31 66 139
41 43 50 9 48 37 45 73 56 23
165 112 42 16 149 156 17 51 23 105
197 3 112 205 148 155 116 59 175 19
245 220 31 15 49 34 139 112 227 22
186 233 53 162 131 45 152 99 46 10
102 41 2 195 44 154 119 18 19 124
23 149 17 192 150 61 190 37 144 114
27 182 6 131 199 67 19 19 100 52
28 56 154 106 91 53 51 40 173 34
104 10 46 89 3 89 139 112 14 83
144 151 45 223 165 73 13 182 60 146
67 149 186 10 76 239 133 101 121 4
123 84 124 123 50 133 109 30 231 34
68 16 44 13 100 146 7 4 7 179
72 100 103 103 25 106 39 15 64 180
37 3 87 188 155 29 72 13 159 93
159 143 74 223 29 110 39 5 135 224
105 83 248 29 48 13 125 92 172 34
87 18 123 6 205 1 113 101 151 1
90 30 44 139 122 48 42 198 164 113
55 81 206 223 2 19 124 23 80 139
214 45 222 286 142 1 82 25 204 154
43 52 223 48 107 90 22 85 26 116
18 79 7 26 176 2 59 15 43 1
220 60 152 54 14 232 201 150 88 211
118 243 258 176 12 19 213 1 27 146
183 177 64 174 105 91 169 5 38 155
138 0 229 51 96 51 63 72 173 57
255 10 51 44 22 128 58 145 134 9
6 46 8 64 66 139 91 141 44 165
193 31 104 167 49 101 68 245 184 21
21 44 238 9 221 25 73 64 146 51
29 53 16 23 114 111 64 10 211 12
64 110 3 78 24 104 93 111 217 201
30 73 42 150 113 111 32 18 166 191
111 99 43 83 30 131 155 184 104 23
48 239 8 197 24 165 257 213 164 97
97 12 49 132 194 86 87 166 52 69
106 162 22 258 186 4 24 29 70 48
188 234 192 124 59 238 11 45 219 163
8 152 13 50 83 82 172 106 45 156
121 134 42 77 18 261 142 72 181 83
13 226 125 218 74 74 9 39 53 106
228 56 57 92 117 213 5 30 37 79
16 94 138 49 186 169 14 15 130 63
140 120 77 72 210 194 59 73 68 96
246 122 160 33 237 182 10 136 120 163
219 44 229 50 60 63 44 89 23 183
74 134 156 3 67 29 11 148 55 254
40 53 14 50 149 172 271 58 126 221
187 41 30 89 79 86 13 159 19 182
25 164 183 170 41 169 91 181 221 114
28 227 230 264 163 41 41 15 260 210
199 63 17 63 69 100 158 87 169 117
205 100 81 187 156 53 22 107 142 218
130 0 165 125 122 91 1 141 201 79
18 18 5 49 223 20 10 15 28 50
117 226 239 171 55 204 227 14 55 144
130 200 9 22 75 40 89 103 59 225
39 4 233 89 145 234 16 89 182 274
58 33 96 197 133 96 7 31 76 18
191 91 84 128 12 120 185 27 46 24
164 3 79 106 141 184 29 130 130 25
49 143 123 127 91 125 87 47 112 150
54 80 172 27 71 190 47 136 219 190
234 13 62 9 96 73 151 34 101 141
262 0 237 186 169 63 51 135 8 94
23 46 28 182 92 84 69 72 55 119
112 109 79 50 31 180 127 59 19 88
37 36 68 8 12 0 258 73 13 195
113 167 66 177 93 224 9 157 157 0
254 5 238 12 164 6 112 148 63 144
96 205 34 153 80 46 5 276 0 2
97 104 168 254 62 113 17 46 122 91
29 203 197 89 147 51 119 119 62 59
190 24 183 15 165 20 23 104 90 204
247 182 125 139 94 45 175 164 94 71
68 38 152 117 39 25 150 110 17 136
152 42 12 91 103 206 191 138 114 275
66 134 161 5 93 24 79 21 19 245
91 137 60 296 49 92 167 3 138 25
80 129 47 80 168 215 82 263 71 119
72 81 9 61 203 0 176 33 214 114
121 242 29 29 129 212 20 127 94 215
129 110 56 135 151 10 46 100 205 73
94 17 35 122 158 27 15 25 62 48
198 109 45 204 88 123 82 200 67 143
76 117 8 113 42 165 131 60 58 17
191 87 37 136 106 85 217 125 275 98
157 7 57 73 171 0 287 121 33 24
115 213 124 69 187 87 260 11 99 156
142 56 21 92 115 40 223 113 171 197
12 102 4 8 107 182 1 143 0 8
102 63 219 105 15 97 94 14 199 113
152 5 117 8 283 9 73 46 211 5
24 194 267 181 142 126 45 189 40 34
105 89 99 16 145 106 112 18 12 191
67 34 93 23 286 3 269 96 102 104
264 218 46 64 19 74 22 94 97 36
197 125 60 175 229 150 149 145 167 90
71 195 114 148 240 59 141 14 143 34
116 0 249 199 88 178 22 11 62 112
185 23 33 72 102 200 154 124 104 57
2 42 86 28 106 134 91 108 126 139
148 1 211 224 170 49 118 0 70 19
82 20 19 49 22 266 44 195 153 100
113 110 208 43 140 27 41 197 55 98
192 188 7 1 181 174 5 15 119 13
154 152 97 280 149 133 43 56 23 50
232 29 285 142 41 132 95 9 59 111
133 52 86 94 67 119 111 228 135 100
152 62 6 199 129 106 74 61 79 54
99 2 238 92 137 38 206 98 176 15
100 185 205 135 1 195 23 24 38 54
9 102 45 28 86 38 102 147 207 256
239 227 32 211 158 0 129 123 45 200
194 79 81 22 3 55 80 3 116 96
52 146 42 201 153 91 92 166 145 135
47 83 129 9 5 70 49 62 139 85
213 143 3 140 88 10 240 98 28 217
4 46 133 201 196 61 6 124 51 165
55 128 164 90 183 21 69 127 252 9
91 250 60 11 22 103 126 158 87 157
58 121 91 60 26 214 183 29 279 102
200 103 151 122 217 29 48 81 32 15
138 65 89 39 162 146 133 10 77 8
5 205 187 181 73 94 27 188 133 211
77 34 115 64 136 98 101 228 54 31
64 84 95 8 130 166 31 182 85 242
160 147 95 82 115 51 88 67 77 1
29 77 100 2 116 61 271 187 100 35
96 186 278 27 61 98 17 42 5 74
174 95 24 8 2 47 4 84 161 5
145 25 49 47 60 45 156 166 165 196
68 137 84 171 161 263 32 130 40 151
245 51 16 17 146 169 210 51 39 28
245 108 93 9 119 59 102 239 161 106
162 50 20 194 96 86 88 57 112 15
49 88 39 236 87 106 56 238 103 147
183 166 179 241 45 146 185 10 0 187
76 136 172 121 128 69 7 16 22 182
87 98 25 141 0 90 48 276 106 6
88 12 50 107 91 152 88 36 201 23
144 0 148 81 123 0 50 97 184 28
190 24 27 108 67 46 26 177 117 180
35 41 222 51 47 74 59 75 27 113
35 13 10 238 89 249 180 93 50 9
50 90 155 80 6 91 118 86 51 85
46 59 100 183 64 36 222 55 207 80
77 88 204 207 250 89 198 216 96 3
83 21 174 21 21 25 144 1 67 126
26 28 81 9 57 31 141 5 55 154
191 111 105 136 29 23 40 108 26 47
198 99 7 220 223 33 221 30 74 19
82 41 27 31 141 40 85 29 59 126
43 213 280 26 65 204 118 24 141 26
141 201 232 90 151 119 21 2 18 10
162 113 110 111 27 143 152 83 101 28
188 49 50 116 64 183 118 215 75 140
47 16 82 170 109 74 94 12 25 62
15 129 6 169 70 154 2 163 106 113
19 29 237 53 62 79 1 174 53 71
13 237 17 0 129 7 129 3 65 56
179 12 167 185 121 39 196 75 134 67
190 104 224 36 131 24 230 181 66 236
94 19 104 62 53 72 137 200 20 19
116 133 267 242 39 49 100 22 243 25
79 62 151 12 157 130 63 290 5 99
6 60 102 56 4 7 8 45 141 132
137 113 258 91 69 5 21 51 13 195
210 12 232 118 138 123 42 167 158 94
118 84 245 74 82 62 75 27 133 67
287 236 15 68 32 14 136 231 11 32
19 61 8 168 34 179 93 140 88 61
55 33 215 94 67 71 90 66 106 213
149 113 38 227 166 21 54 145 192 0
99 112 86 159 48 177 116 16 89 75
106 47 19 128 185 38 293 102 60 20
73 15 37 40 234 0 57 112 85 183
49 5 46 111 228 157 172 101 29 246
60 139 38 61 237 60 240 151 93 118
155 54 222 215 174 241 126 249 239 60
255 160 255 99 282 190 258 102 152 183
95 173 239 260 257 180 244 96 64 263
165 292 258 20 283 196 160 225 100 289
43 259 224 226 228 153 143 99 144 286
77 85 207 298 103 251 249 187 124 240
176 174 116 249 224 108 87 246 234 131
145 191 199 81 125 211 196 141 289 198
255 168 195 204 255 286 117 252 21 54
180 219 123 281 169 136 211 256 208 187
91 262 258 258 165 293 272 96 90 78
215 229 175 117 61 298 90 156 215 178
216 269 282 167 100 228 294 205 143 185
246 230 108 104 157 267 184 235 234 276
81 285 78 221 226 244 103 273 213 284
163 253 292 272 185 82 216 272 101 207
90 291 131 278 257 206 64 110 265 241
215 168 284 211 285 196 174 163 211 181
292 256 264 157 246 228 220 192 132 229
141 290 237 244 163 169 139 160 281 183
155 183 120 142 153 161 244 107 279 275
262 269 268 282 282 216 210 211 201 214
247 199 273 143 227 76 287 160 122 140
297 295 166 298 219 264 285 148 278 280
189 112 205 283 211 79 22 101 177 167
260 190 102 54 218 163 247 260 249 99
253 107 211 254 296 85 292 172 167 232
246 127 236 149 266 278 158 223 152 270
250 187 178 233 204 226 213 84 263 249
293 100 170 189 224 230 298 296 175 290
291 281 89 102 176 187 253 219 288 245
94 125 241 275 220 273 90 223 96 268
81 246 227 282 183 136 91 84 166 236
20 244 121 293 215 275 156 128 119 148
211 280 172 281 182 137 237 113 294 277
220 143 137 160 215 175 283 283 254 244
101 90 146 181 83 238 214 266 175 115
179 148 31 227 112 164 214 227 279 116
125 287 293 64 269 234 266 290 156 222
264 128 270 262 32 240 202 113 133 98
265 247 295 240 123 259 148 279 277 208
65 207 94 294 276 110 179 81 54 281
155 242 286 289 240 171 248 74 95 275
272 196 152 147 235 206 241 287 81 240
93 294 229 136 263 247 199 174 199 248
198 139 113 185 39 22 69 145 88 231
257 289 289 150 138 230 243 200 121 83
239 67 212 264 261 78 270 145 231 140
179 258 214 199 205 271 269 195 277 193
275 247 293 175 253 41 291 46 238 89
229 256 277 263 163 184 268 108 298 160
230 273 151 253 77 113 298 297 297 217
189 193 234 114 83 257 47 214 157 225
130 285 200 188 240 169 261 245 161 275
231 132 193 132 264 88 161 65 148 110
221 173 203 221 271 282 255 221 291 263
163 140 282 256 178 228 33 253 218 196
285 257 165 93 244 130 170 137 215 231
248 258 279 119 103 80 123 259 296 289
241 150 150 237 287 198 287 77 129 31
52 184 160 268 205 218 149 255 194 173
137 222 198 151 282 141 217 213 24 286
189 266 205 244 270 249 281 272 278 255
142 144 175 251 178 197 276 286 231 200
165 284 255 139 186 263 128 189 278 216
141 247 182 216 190 133 64 266 70 249
236 140 188 79 192 282 91 54 175 81
195 281 123 201 237 231 53 64 99 259
250 221 134 296 283 230 223 248 200 167
239 39 55 247 136 117 182 295 207 95
278 169 248 272 195 185 140 264 270 257
244 201 124 58 232 52 193 108 158 292
241 117 62 107 204 222 292 227 155 282
202 168 212 265 190 167 187 203 285 222
183 37 288 164 133 256 189 196 123 228
190 163 143 185 13 20 278 285 213 156
104 246 258 228 175 177 202 68 283 163
70 272 180 221 298 124 111 109 188 75
281 177 287 106 231 208 193 116 295 73
192 173 233 197 270 201 247 282 161 278
265 150 253 124 267 155 162 39 231 292
266 118 194 246 189 171 231 255 129 271
193 254 159 175 242 258 172 205 236 116
163 199 163 163 168 91 246 290 218 154
279 68 274 166 131 293 258 219 279 133
112 241 46 287 187 98 135 175 168 221
117 267 163 236 207 231 273 49 174 252
254 108 229 201 49 186 297 238 99 46
223 291 279 195 294 255 241 197 183 217
280 263 130 150 285 266 102 280 211 210
286 272 157 71 219 244 161 189 198 250
294 238 273 118 239 196 270 296 52 162
58 77 246 227 199 99 120 157 273 241
151 259 171 178 156 229 203 277 126 149
290 272 137 228 195 189 282 236 217 269
205 192 72 136 243 212 209 206 209 296
224 275 266 255 225 178 260 273 291 295
174 118 203 164 257 261 269 152 64 264
255 95 249 248 194 149 178 130 249 191
239 32 210 147 250 280 249 171 159 155
235 40 245 12 226 203 287 205 170 106
102 200 277 67 220 131 177 253 237 222
124 88 209 281 278 235 31 123 83 28
258 252 160 180 256 219 270 134 294 148
230 77 75 293 98 154 70 227 275 225
252 188 217 231 286 186 70 131 232 190
213 37 198 192 185 214 268 231 54 250
206 195 256 182 247 230 151 183 233 183
246 283 276 90 276 79 201 185 270 63
228 202 160 291 162 231 263 195 171 225
84 209 294 181 205 277 35 220 93 199
217 123 89 61 178 276 203 193 258 247
189 181 169 165 155 182 273 229 171 250
101 134 136 102 289 251 252 197 254 259
22 294 296 170 215 249 186 210 200 209
22 200 238 238 63 290 189 207 279 120
79 240 178 210 233 260 151 233 257 297
62 260 255 103 212 108 103 286 66 247
206 211 67 157 271 124 230 236 207 159
248 146 172 82 293 259 260 67 81 235
197 229 254 253 291 222 178 107 180 171
265 287 221 59 262 209 279 274 238 119
194 297 295 192 266 96 276 226 62 162
251 209 77 292 297 213 251 57 54 225
61 261 91 217 288 150 254 174 150 162
224 278 264 258 295 184 104 294 274 135
219 85 252 114 230 54 102 270 288 217
259 45 124 109 116 265 250 148 280 201
191 211 144 235 265 169 202 275 138 179
180 278 276 64 200 252 248 184 147 223
266 92 234 217 206 236 165 71 276 166
149 32 258 283 210 296 78 141 65 189
162 179 148 222 226 267 290 70 292 281
270 18 113 230 186 157 90 263 291 218
206 277 283 296 173 208 218 116 203 252
122 279 291 249 179 20 283 120 285 189
282 173 233 46 291 293 138 279 238 164
112 289 128 217 295 197 119 252 273 292
283 208 256 294 110 240 211 205 245 141
228 63 260 296 294 136 158 290 278 266
93 260 234 211 155 137 242 174 110 153
172 128 59 181 196 232 253 286 274 187
266 116 251 248 185 261 220 262 257 280
285 297 258 220 119 266 255 23 237 266
243 237 271 250 197 185 286 216 58 226
231 185 279 122 155 190 289 105 174 155
269 209 272 176 98 251 152 225 258 110
16 116 186 83 246 296 120 152 240 262
214 262 142 225 52 137 152 257 280 41
85 109 297 230 222 126 149 168 239 246
229 251 38 214 259 198 239 189 296 151
289 163 121 268 121 197 105 202 262 267
149 217 183 247 286 297 103 159 271 218
135 192 178 181 98 263 251 188 288 92
80 261 253 277 257 279 289 255 217 247
130 192 198 247 246 156 203 246 195 177
227 164 79 285 216 264 199 217 123 109
204 264 240 125 106 258 248 229 278 284
78 215 197 215 144 154 285 138 68 253
188 280 231 254 223 271 239 90 185 147
27 292 144 290 274 79 50 127 258 276
284 157 82 298 149 240 188 262 67 295
140 135 186 241 198 192 91 84 247 276
182 191 234 132 272 217 213 160 117 201
261 259 294 200 241 280 237 284 195 239
231 283 247 222 178 190 224 109 106 239
136 173 276 6 209 109 249 272 284 277
94 140 50 96 201 191 287 97 233 287
255 185 278 188 266 193 236 258 29 196
162 230 276 248 150 236 217 233 247 148
208 267 274 284 272 62 142 246 265 248
263 137 180 234 193 125 281 90 267 232
298 260 259 285 211 113 201 157 156 223
249 246 254 178 144 287 149 207 238 247
185 142 85 101 254 166 139 154 243 295
268 291 286 172 154 240 249 83 221 268
142 242 107 176 115 100 257 285 104 263
70 253 282 261 225 240 260 226 295 290
128 118 196 199 261 122 139 90 169 103
283 223 242 249 78 227 276 272 248 97
250 37 243 296 195 296 150 265 200 103
106 220 159 244 92 209 184 139 283 172
98 217 290 128 271 286 145 296 219 203
286 87 234 177 159 226 230 213 160 170
284 28 274 226 251 277 213 143 228 176
150 75 282 255 157 282 126 232 265 171
205 112 211 217 218 212 245 85 53 211
86 78 231 264 220 4 266 117 125 224
122 191 226 229 144 249 224 274 282 218
292 5 255 95 200 171 287 211 210 167
266 234 72 195 244 159 280 285 3 156
129 182 186 260 291 123 128 78 166 141
69 293 287 216 210 162 296 298 270 123
234 37 281 69 277 28 58 177 261 263
275 292 130 164 178 102 288 258 110 240
113 276 235 241 85 100 266 242 100 199
242 206 245 223 209 237 276 223 284 283
166 190 180 221 277 78 205 148 27 297
140 262 60 297 162 225 291 121 273 201
279 251 125 244 227 256 227 281 265 122
219 252 25 153 210 177 244 248 226 239
163 242 125 222 262 275 213 266 162 261
153 276 282 202 291 224 276 272 212 95
170 284 213 200 160 228 241 215 251 264
227 132 264 209 188 258 221 279 183 273
248 204 166 139 259 257 257 131 146 217
284 288 234 151 258 210 281 154 276 220
265 210 114 175 207 52 291 261 263 44
144 272 278 156 277 246 289 222 215 222
156 197 223 193 207 188 260 193 253 201
49 194 167 97 153 219 98 180 129 196
294 288 279 179 233 159 217 200 294 274
206 36 145 193 291 243 201 289 266 178
25 219 285 212 156 271 292 232 152 257
190 180 118 74 224 297 150 42 197 199
173 246 94 120 295 285 296 111 160 194
279 263 116 224 155 222 206 99 200 253
206 258 96 207 231 204 243 272 185 238
282 245 155 154 280 137 148 160 189 161
138 142 260 267 223 200 280 120 196 212
253 134 132 89 140 226 198 193 180 152
225 87 124 124 243 286 197 241 177 181
194 66 276 246 267 89 237 156 172 235
293 181 264 108 259 277 125 197 217 271
166 161 246 114 157 186 91 250 203 283
237 261 69 242 205 190 134 82 253 98
224 249 109 297 243 134 207 209 133 69
241 101 298 167 295 142 123 127 88 177
180 122 244 225 124 182 218 246 186 144
220 173 248 252 259 201 238 260 131 241
273 21 271 265 145 236 216 159 230 148
173 232 208 191 235 232 88 214 104 82
25 148 91 103 219 211 264 275 240 275
275 275 133 239 290 16 226 280 108 236
298 170 224 263 73 165 272 293 131 173
100 202 224 284 186 189 259 177 234 226
191 145 247 182 85 242 188 112 263 232
270 267 50 145 190 271 275 215 148 264
43 109 193 206 200 185 100 240 208 256
266 151 223 153 223 42 248 154 289 124
218 251 114 205 103 277 252 284 214 274
71 222 134 278 67 226 204 111 295 207
227 149 158 252 251 118 183 211 221 112
170 67 172 163 270 211 229 14 89 92
213 221 274 243 169 288 134 233 198 215
153 254 251 245 265 244 242 298 176 179
288 188 111 136 183 269 66 231 95 269
230 250 153 134 204 54 182 129 219 37
114 253 254 100 247 246 281 208 265 169
151 275 296 194 177 107 201 282 51 221
199 189 189 212 248 253 57 147 237 32
178 56 75 166 199 182 183 203 232 230
100 298 264 234 223 291 71 166 139 265
289 230 182 38 171 208 243 91 106 110
270 125 265 97 200 173 271 268 283 214
227 64 215 265 109 185 202 230 156 68
207 194 161 254 90 244 196 253 218 283
206 220 210 260 285 155 279 210 53 280
123 227 226 173 274 209 130 42 141 234
237 268 40 243 110 286 173 289 264 251
157 32 137 292 170 217 211 233 294 47
209 121 240 116 189 298 205 229 204 257
274 231 58 184 219 268 121 294 201 195
181 248 274 258 123 199 262 202 144 191
209 31 260 291 173 252 239 234 201 46
114 239 190 95 32 191 158 131 288 190
79 198 188 267 214 59 255 242 210 113
249 269 272 255 288 160 288 235 256 259
224 92 287 59 105 135 217 133 287 227
78 197 272 116 105 173 278 94 222 294
267 241 157 189 177 137 260 155 57 243
203 217 80 222 265 43 254 53 169 21
213 117 64 297 245 198 111 144 195 164
210 269 290 217 196 266 121 181 222 119
241 272 239 99 195 169 212 199 206 52
295 172 164 130 48 255 270 272 275 211
226 174 164 129 136 229 118 283 297 160
291 192 230 274 171 266 197 136 55 229
110 184 238 176 146 233 163 175 208 188
39 112 257 110 276 287 87 262 98 141
135 271 231 239 272 246 278 179 134 99
267 250 225 284 163 129 208 295 180 70
202 146 282 48 185 276 238 202 86 237
221 257 297 119 294 263 203 289 233 272
270 266 297 267 114 106 205 253 272 295
160 106 203 184 293 159 221 294 134 259
294 282 182 247 264 238 166 129 224 191
177 209 268 235 94 72 82 118 96 270
240 182 272 229 222 214 280 275 279 294
260 120 250 218 154 78 208 210 173 173
294 273 33 251 156 91 165 278 105 276
129 158 277 231 163 207 282 280 241 283
233 238 259 199 287 108 158 170 291 217
201 192 85 230 192 98 74 166 228 206
149 204 254 290 120 200 267 280 178 239
224 117 104 182 281 264 297 177 292 134
96 269 227 115 298 275 119 196 178 275
232 112 244 273 237 249 215 186 295 296
198 174 185 143 294 61 270 205 211 220
