300 10
120 212 43 36 193 71 14 250 229 30
76 44 207 26 20 76 145 53 245 128
160 114 167 114 11 11 201 135 137 96
115 149 26 203 239 2 79 33 2 140
108 154 194 65 28 45 144 141 159 60
56 197 1 52 266 74 203 66 26 20
154 232 162 23 46 6 40 2 219 165
158 95 66 32 56 155 110 99 197 35
134 20 106 231 47 138 95 34 82 47
122 99 102 22 103 42 22 114 106 80
81 71 196 104 178 95 277 122 84 106
34 44 142 96 124 84 9 81 140 88
131 120 48 204 135 130 46 117 119 12
29 76 4 191 198 232 29 133 256 130
48 10 177 102 24 79 183 135 77 66
75 101 130 10 200 46 268 239 189 135
22 107 34 219 31 48 94 131 105 36
3 155 149 67 54 44 67 58 120 8
14 52 110 134 186 38 244 13 96 60
1 68 113 154 231 214 70 45 82 143
153 176 8 1 148 5 8 223 163 21
233 103 170 45 203 17 23 60 25 166
128 98 26 55 93 154 39 98 59 165
12 192 42 65 134 48 9 132 28 86
35 59 193 96 67 120 1 72 133 103
75 218 26 145 49 235 128 252 222 67
192 236 26 19 8 35 37 38 101 16
4 64 85 86 175 53 171 190 20 164
151 40 85 57 216 198 12 48 6 47
90 58 113 1 52 10 77 79 79 154
205 90 42 116 208 157 8 3 168 102
175 54 34 149 90 45 19 172 52 3
12 26 238 131 178 83 170 26 122 209
138 6 49 131 12 14 32 253 37 91
52 23 145 139 9 5 219 126 199 8
5 239 92 14 36 150 37 97 221 171
43 150 86 5 78 14 180 17 161 50
91 180 169 217 127 33 111 103 133 38
196 68 10 25 142 57 172 61 60 105
71 220 84 119 69 5 71 181 267 30
63 33 47 92 7 175 31 127 37 69
33 42 171 53 23 177 133 14 165 166
86 126 2 84 57 19 14 17 201 43
72 179 53 247 19 195 110 36 10 235
104 243 105 50 210 211 32 143 183 43
6 82 138 191 18 140 130 117 201 98
162 65 63 25 49 16 64 51 148 197
163 63 120 61 156 144 70 98 135 168
39 169 135 130 146 66 47 155 139 119
55 116 34 14 5 177 98 101 40 190
163 47 1 13 49 222 180 85 79 33
211 45 5 85 177 75 36 2 78 9
272 229 1 255 132 135 164 180 155 170
195 101 77 114 164 86 99 112 67 54
81 36 78 168 81 76 197 127 94 1
4 0 99 24 37 36 49 20 36 122
75 114 59 0 192 151 20 278 62 282
119 74 52 195 102 91 118 23 130 132
121 129 4 172 74 194 51 125 149 3
56 7 150 45 32 38 14 3 97 34
71 56 24 193 156 6 79 27 159 200
236 187 126 27 181 52 191 72 116 228
70 31 182 12 91 118 23 133 24 21
145 69 60 93 126 120 182 122 28 103
156 17 21 68 32 69 30 13 8 120
106 164 16 265 1 38 124 8 20 52
29 169 95 88 79 203 101 201 36 42
121 232 218 96 112 3 96 187 90 113
182 53 157 153 18 57 233 205 40 88
104 183 85 122 119 53 105 100 217 152
63 253 57 181 94 39 48 149 53 29
18 237 63 241 170 63 182 56 101 197
5 164 4 144 192 29 51 25 157 154
95 208 11 54 185 132 66 164 86 44
25 143 107 105 43 53 18 54 51 231
127 118 136 161 95 47 123 112 93 133
2 141 38 132 56 65 16 4 35 42
177 58 115 169 210 27 107 60 158 106
121 87 49 31 14 114 58 72 8 76
88 32 264 143 24 48 143 58 15 29
89 220 140 64 49 192 193 191 191 75
154 147 27 112 49 5 147 77 22 81
3 58 39 103 38 115 136 228 202 27
60 83 34 24 126 35 77 14 228 106
83 79 102 93 212 77 62 279 30 186
15 3 254 91 124 84 91 1 98 70
106 132 185 18 17 148 27 76 164 115
33 80 259 157 160 20 60 173 20 224
246 253 4 26 24 169 107 5 64 72
15 83 119 40 131 185 33 21 28 64
48 25 155 122 127 197 142 140 65 61
3 3 63 195 107 138 73 75 6 80
114 34 10 109 81 121 47 218 59 112
47 5 140 21 189 101 43 256 100 44
121 198 30 17 93 58 46 39 10 132
11 0 9 77 151 269 25 59 171 96
29 119 31 118 108 43 122 117 144 139
83 141 144 96 99 149 74 146 0 85
52 22 128 123 105 250 19 131 33 73
24 163 20 77 89 25 61 35 111 228
61 54 4 163 185 38 87 22 99 137
169 50 87 115 65 186 186 135 114 99
78 155 30 133 178 61 39 74 222 57
34 29 140 46 79 25 90 115 155 166
33 131 53 104 63 30 223 56 40 107
25 3 149 73 153 108 38 141 43 53
128 138 25 75 12 62 63 10 45 48
128 136 262 56 173 154 32 162 143 102
78 9 103 205 40 63 106 265 123 43
11 3 152 225 130 167 15 4 178 108
13 186 16 270 89 140 246 173 90 1
216 114 91 137 146 251 31 13 81 196
84 57 87 13 93 110 111 4 6 74
69 158 241 193 78 33 105 92 65 270
13 88 94 99 132 87 20 34 141 262
117 48 8 163 47 87 22 186 6 46
185 164 183 151 95 219 170 51 202 54
126 87 77 264 56 78 201 185 35 51
179 11 72 248 125 77 102 45 188 45
167 9 112 10 141 61 138 33 80 150
109 81 2 20 5 17 197 125 57 252
80 11 3 93 45 186 36 98 34 24
244 60 22 105 40 30 153 62 26 3
289 109 46 217 43 97 68 17 56 125
2 117 112 11 90 141 90 76 23 2
168 60 24 139 44 26 172 83 145 121
138 72 155 72 33 86 53 230 277 67
162 59 79 50 32 14 144 180 180 41
227 123 223 54 131 69 142 52 84 69
10 76 28 56 50 5 147 148 188 106
34 82 32 37 181 100 250 3 69 178
15 2 118 50 41 74 128 33 161 78
172 127 60 8 159 58 70 118 17 103
253 198 15 6 179 12 60 109 25 168
198 26 63 76 167 141 126 136 92 181
85 178 8 109 164 41 111 21 202 52
74 139 14 193 25 46 200 53 144 247
260 221 61 176 3 44 106 38 75 42
100 119 74 35 52 23 154 211 11 1
76 123 148 68 126 169 28 210 26 122
166 193 125 242 175 88 175 290 123 15
221 146 103 56 26 161 61 51 8 26
137 165 28 55 128 13 65 112 92 198
205 104 218 122 196 170 9 105 60 167
200 130 13 219 212 257 115 30 96 165
59 143 116 103 202 26 30 117 116 230
91 32 204 109 10 15 109 160 188 170
169 9 69 25 118 0 107 82 163 131
113 225 178 225 127 22 15 139 47 204
150 149 131 5 8 137 75 187 37 74
285 107 100 156 61 142 147 15 128 109
164 63 0 104 210 63 92 46 131 115
184 169 68 47 202 64 90 47 11 121
89 33 129 100 166 108 54 59 187 61
197 152 2 254 90 64 101 275 38 266
183 83 149 101 71 43 258 210 16 77
41 93 127 176 247 24 81 52 37 138
46 87 192 89 49 160 57 84 128 172
173 35 235 104 104 158 48 68 111 10
55 41 44 62 23 29 75 86 99 192
14 197 27 177 111 119 262 172 157 138
124 215 24 5 59 176 8 172 87 126
93 155 56 186 32 3 76 15 40 8
71 88 85 17 34 150 111 42 15 89
60 163 71 21 173 164 6 150 77 111
53 13 234 43 58 95 137 27 78 109
143 4 69 102 86 42 68 34 159 41
96 23 126 92 53 1 155 156 274 99
211 3 12 34 4 112 84 94 47 111
97 225 33 71 12 96 152 5 104 128
19 45 191 178 201 64 96 20 165 93
144 275 21 98 0 35 31 72 24 105
162 58 65 139 53 85 136 232 121 54
176 10 107 185 35 81 166 274 81 2
13 171 14 154 104 3 105 33 267 9
50 114 11 163 22 91 6 89 110 118
15 111 35 19 211 3 175 146 47 164
87 3 117 60 151 81 14 92 103 44
42 7 236 263 150 186 0 78 38 133
70 14 253 134 16 24 0 18 166 20
66 17 56 127 135 112 42 37 104 109
141 64 194 66 95 177 213 38 7 49
2 262 23 16 226 91 42 217 27 155
37 69 34 145 261 27 102 3 31 64
98 196 95 37 172 202 228 141 8 109
55 187 13 21 11 52 38 42 28 105
13 32 153 17 158 91 10 0 50 45
14 16 81 21 230 15 60 199 120 17
80 45 57 9 64 120 76 176 127 52
33 225 3 199 14 262 68 9 86 116
15 61 40 133 177 42 231 64 89 53
194 182 36 16 259 16 137 236 95 14
100 113 23 60 223 145 21 124 250 44
110 56 40 77 13 113 37 44 186 54
167 76 69 242 232 169 101 112 103 121
16 116 122 15 151 17 255 40 19 84
14 94 5 26 83 63 210 198 64 15
119 136 1 58 140 39 7 68 26 14
114 207 162 32 58 35 56 71 1 97
115 15 115 163 104 171 287 206 27 80
183 195 136 34 10 117 121 40 187 65
55 120 40 172 23 9 151 60 86 151
51 111 16 164 193 234 41 201 116 242
84 92 64 44 97 177 147 188 88 8
106 75 168 100 149 27 9 113 204 137
205 40 96 173 2 146 111 121 91 132
53 170 71 133 154 62 30 210 6 46
205 126 226 19 158 72 70 156 33 28
73 199 118 18 62 192 117 89 1 22
130 105 128 12 51 76 49 73 48 120
103 106 148 106 205 124 20 100 205 77
73 51 69 15 3 47 86 173 237 168
75 128 23 84 55 127 136 160 117 21
260 239 168 7 36 111 61 6 28 30
159 78 46 198 107 91 16 98 2 167
191 134 109 56 135 75 171 179 37 31
68 41 27 24 1 19 154 64 153 249
88 116 204 54 14 150 159 73 98 70
36 61 141 136 79 102 196 127 165 99
7 75 147 86 46 213 108 223 13 103
128 41 98 220 128 47 87 113 73 23
59 154 230 61 29 162 63 65 79 55
153 49 28 41 267 161 62 53 98 60
157 198 16 34 85 45 86 37 184 5
16 146 146 16 180 63 100 194 23 44
27 193 265 24 59 14 105 125 115 87
65 25 149 215 145 73 16 123 8 43
59 77 16 44 149 62 254 127 49 224
13 46 57 253 20 45 118 106 139 21
64 224 141 21 47 48 119 64 41 53
87 103 3 42 135 53 16 43 130 1
87 43 280 140 103 177 54 196 70 37
98 91 151 66 108 42 179 157 10 80
145 141 51 138 28 200 72 30 120 21
30 70 54 131 75 195 45 130 102 126
141 68 56 58 199 100 107 211 81 217
2 181 69 100 46 101 249 80 59 52
109 44 149 84 85 142 144 142 88 128
42 96 58 120 31 30 28 3 259 17
105 245 33 102 122 43 98 87 216 193
34 108 43 48 118 99 23 159 213 103
8 174 38 35 43 169 12 24 165 117
11 148 106 174 26 0 12 150 175 11
112 36 69 15 153 35 30 230 173 233
28 13 94 94 44 35 54 15 243 93
141 117 3 52 77 116 17 62 112 79
138 85 105 77 91 20 44 103 33 213
140 64 88 16 0 89 37 55 186 79
17 84 25 243 44 116 125 52 205 149
92 62 91 25 55 79 30 137 19 6
156 53 93 52 244 235 71 9 2 142
229 213 88 84 145 63 73 65 30 12
102 2 106 76 109 179 189 33 83 38
189 4 213 171 143 69 42 24 27 120
181 217 120 35 245 21 73 3 233 27
27 41 12 27 23 119 153 95 73 18
73 62 28 51 47 85 47 83 51 26
132 44 189 110 44 37 79 31 206 41
24 102 87 171 35 45 176 14 80 28
26 135 3 105 164 148 171 36 61 42
2 16 100 52 202 88 82 66 166 110
113 17 163 258 171 171 123 221 243 147
72 79 0 188 189 148 56 284 148 113
14 50 109 70 241 45 223 39 4 249
142 58 194 123 4 215 20 59 46 29
35 90 80 50 86 137 32 237 82 76
59 20 79 50 110 113 46 19 102 115
179 72 82 228 121 83 195 154 214 240
62 7 103 227 116 86 26 123 33 142
245 168 162 281 105 115 77 80 81 1
40 190 164 12 14 34 36 154 67 216
161 24 281 69 17 7 67 191 3 165
65 137 73 21 10 13 117 4 100 141
25 206 4 89 93 150 63 211 124 99
28 71 253 19 101 44 87 35 126 92
164 118 69 141 8 1 28 186 97 56
193 34 133 52 130 268 4 94 195 187
56 145 240 265 150 250 91 7 35 122
38 83 92 157 64 25 44 89 38 117
115 135 182 3 264 43 7 20 62 15
56 32 170 149 53 9 32 219 221 54
124 40 127 237 119 12 54 3 111 54
146 49 75 100 72 161 5 37 129 137
83 87 68 6 56 16 181 14 134 54
52 136 61 16 266 14 27 85 113 181
123 156 68 197 281 195 105 217 104 69
143 78 65 133 241 99 84 30 42 2
103 184 180 11 4 77 136 125 186 8
20 105 147 43 180 141 110 11 6 199
169 6 79 79 81 39 8 57 42 168
56 271 264 100 257 73 60 146 133 44
124 85 8 280 161 61 64 203 191 108
38 96 95 145 70 9 18 102 24 114
84 179 283 123 30 78 171 45 34 81
14 38 122 146 59 239 15 132 42 121
97 109 88 5 114 157 197 26 34 168
107 135 15 108 1 56 33 196 34 7
110 193 84 25 206 189 152 96 94 2
22 249 120 92 57 146 186 133 12 159
54 120 73 138 106 62 8 61 13 0
254 257 76 184 232 117 100 285 239 192
263 268 213 216 278 212 171 65 296 129
202 287 288 182 251 139 208 143 190 111
150 151 99 266 251 225 177 35 231 289
234 219 271 280 254 176 299 287 166 184
193 232 21 210 288 261 270 224 81 76
161 274 289 63 285 151 95 221 282 169
239 117 73 250 241 238 116 231 205 107
254 140 210 295 137 167 237 78 213 138
262 106 217 174 264 187 149 195 185 233
243 116 280 230 298 146 277 164 122 231
237 119 178 213 236 219 170 185 199 259
243 257 79 246 262 214 192 230 141 76
123 253 36 277 282 270 176 258 282 231
114 263 261 235 103 82 215 225 284 268
238 255 273 29 232 164 297 290 296 263
173 227 256 281 213 265 137 137 110 55
224 171 223 157 57 45 264 277 139 124
222 167 234 280 280 134 275 192 116 77
14 295 277 178 257 283 130 90 150 260
254 204 248 284 199 192 89 261 267 146
275 266 192 221 299 131 160 242 66 254
180 141 237 275 284 243 96 165 209 271
227 261 167 215 212 175 15 296 235 178
180 86 268 157 163 131 104 258 197 256
119 289 205 162 100 273 262 268 247 217
264 285 209 82 109 258 76 116 267 232
230 206 112 268 240 157 213 232 163 191
168 258 86 190 259 206 122 199 269 174
186 237 271 237 254 25 118 101 252 253
288 93 85 171 258 207 31 86 268 214
220 155 196 205 263 79 74 228 255 178
104 58 271 248 298 221 192 133 258 285
237 191 287 237 142 255 293 279 289 209
262 40 267 152 246 119 235 135 291 34
70 268 231 239 205 260 150 151 248 238
55 223 126 209 272 221 239 264 225 243
195 215 169 279 225 229 175 174 224 125
256 262 31 140 256 183 258 90 232 245
202 237 106 296 87 281 230 226 271 114
85 84 142 225 165 248 218 247 226 182
260 130 282 286 103 284 232 259 212 231
197 161 298 247 95 128 236 294 202 299
107 281 183 272 41 225 114 172 67 235
287 276 272 119 213 219 283 163 252 265
225 196 174 209 266 227 254 242 245 104
200 242 227 113 258 23 150 131 238 235
275 159 156 225 262 257 110 119 168 250
239 255 275 255 173 291 136 217 280 188
161 299 133 219 34 186 186 116 139 219
255 106 97 232 146 253 208 127 259 287
214 186 111 267 241 190 56 137 253 211
278 280 98 295 139 170 186 193 280 219
270 194 243 174 231 187 201 229 162 165
173 206 88 286 275 273 285 153 244 15
74 78 242 276 280 224 91 256 208 151
265 149 219 267 268 170 259 287 189 288
289 299 164 238 150 248 223 177 193 280
134 144 286 234 294 268 113 202 246 270
62 192 251 298 100 262 103 246 119 87
206 288 188 205 205 70 244 204 274 261
291 243 268 95 252 259 284 289 143 275
187 61 257 152 231 198 134 295 65 69
167 131 116 155 141 203 262 281 185 173
255 162 203 239 267 79 163 22 187 134
237 202 153 283 49 236 257 268 242 129
238 208 218 269 122 232 179 283 248 203
265 232 252 201 155 246 282 297 281 292
183 57 163 222 259 94 259 241 174 111
166 210 274 136 134 183 195 131 217 158
267 295 243 199 186 140 89 225 250 277
58 264 63 266 246 79 243 212 277 216
240 203 45 170 289 156 99 68 264 219
293 213 175 181 266 288 198 268 126 133
140 172 227 213 236 182 207 130 264 244
172 139 249 188 226 183 254 239 149 210
43 250 41 196 217 141 41 29 106 82
276 271 160 268 217 255 153 97 191 133
185 204 218 272 286 127 90 124 159 90
112 193 278 158 79 172 267 125 50 256
231 272 269 224 240 289 208 270 203 221
238 169 84 138 282 207 225 134 298 174
116 185 284 176 99 294 262 282 226 284
236 243 49 44 252 170 242 137 238 151
291 94 249 110 215 290 108 299 145 265
219 126 283 99 173 140 151 31 109 112
230 225 275 260 181 264 141 131 281 201
43 91 297 235 261 28 92 221 51 270
266 299 278 122 165 270 181 294 265 292
210 229 255 233 146 293 222 294 74 168
147 164 198 280 149 217 191 175 238 277
276 206 63 241 237 276 78 252 280 96
200 192 200 152 86 177 230 264 201 193
166 6 197 141 218 271 91 262 262 180
260 279 125 264 286 144 283 298 241 180
42 171 152 170 154 277 148 291 265 107
272 172 280 129 126 57 246 179 295 224
283 190 184 270 279 278 80 232 163 254
217 165 246 140 137 260 30 208 129 107
160 224 204 211 269 137 100 273 263 258
63 240 147 245 285 203 193 62 179 287
298 261 137 117 244 244 259 235 287 134
206 205 232 247 265 234 52 212 288 137
105 64 237 194 105 186 299 274 292 176
248 177 185 153 103 237 240 187 202 278
53 137 288 272 288 199 72 191 64 292
209 193 272 232 187 289 227 275 85 296
247 171 295 143 221 158 234 175 255 116
103 152 109 210 195 78 282 287 152 72
141 31 253 228 292 296 292 25 227 172
285 283 94 288 243 263 291 176 262 19
220 280 188 258 223 268 168 250 159 268
295 291 92 215 132 271 221 157 128 130
290 211 270 239 94 261 152 181 135 283
63 233 201 266 250 285 228 255 233 268
217 173 69 232 110 229 211 253 212 298
248 274 239 217 95 241 213 141 222 182
260 123 241 288 229 269 206 189 185 298
283 273 173 273 211 195 266 246 264 155
297 25 192 135 167 288 182 130 259 178
172 229 17 54 128 184 247 188 265 278
263 76 22 254 111 195 266 249 50 207
249 149 239 189 103 220 244 293 258 96
297 186 280 285 214 215 243 132 186 253
269 185 252 28 119 145 282 141 259 293
224 102 220 219 67 194 246 135 205 256
155 202 241 79 218 246 165 282 278 263
188 118 176 80 242 131 247 261 214 49
248 264 298 73 210 83 258 192 205 107
32 280 168 118 289 116 243 264 192 131
119 143 239 177 251 212 298 231 78 221
191 72 149 181 223 251 216 223 281 244
188 168 231 89 251 183 161 188 106 263
276 231 30 48 256 256 287 192 166 188
205 208 72 280 262 234 228 258 101 297
254 260 69 172 239 243 195 165 221 116
80 211 16 213 90 119 280 172 240 276
271 282 178 221 89 231 183 98 90 155
188 120 255 173 186 76 231 250 151 200
244 149 286 280 280 184 59 257 70 199
281 290 297 296 270 188 235 290 295 107
222 275 141 189 188 251 166 202 17 195
177 284 126 80 220 102 148 215 184 200
276 113 235 180 206 196 64 145 170 192
233 290 85 261 268 276 197 31 232 244
236 299 140 217 241 265 227 220 145 249
117 251 293 219 46 123 276 171 223 223
170 20 83 33 237 8 245 205 254 138
256 249 293 260 271 151 120 202 209 250
234 156 179 57 286 175 274 202 241 182
291 204 280 196 166 265 208 92 148 239
287 288 259 154 286 190 180 98 173 135
265 279 112 97 284 179 228 137 205 197
243 97 246 227 228 114 98 224 285 91
251 181 98 293 141 276 255 281 114 270
227 137 222 151 207 231 286 277 59 195
280 295 262 266 288 124 189 108 212 233
288 211 223 265 69 176 276 86 281 190
196 112 261 196 136 196 110 277 213 122
240 58 188 162 298 199 146 226 289 262
244 286 129 270 193 153 289 280 296 242
265 242 280 167 128 259 10 234 145 220
213 272 160 202 141 228 233 225 242 202
113 133 92 202 197 260 295 91 78 201
191 224 201 109 229 295 38 277 206 297
84 133 292 85 118 164 235 292 282 173
269 290 137 209 278 196 100 299 233 137
230 175 250 209 82 136 298 219 276 182
243 20 59 238 120 135 257 178 106 258
204 249 207 212 130 178 299 114 108 132
63 138 221 286 249 117 121 158 253 181
224 294 289 275 55 125 177 169 53 241
170 284 190 234 138 114 276 296 251 276
189 207 205 288 190 90 260 276 143 156
89 292 97 202 161 238 141 252 287 247
149 130 178 226 142 109 149 220 175 280
289 120 246 100 295 114 196 163 77 257
263 40 166 150 257 163 260 99 239 217
84 22 258 279 211 195 67 116 88 148
228 182 269 152 198 100 87 265 242 166
210 170 114 222 296 222 237 217 149 238
199 70 278 134 213 210 229 294 128 282
20 296 207 283 275 212 279 218 215 185
85 283 285 241 279 287 102 254 169 163
255 297 117 125 247 252 287 260 209 187
83 202 23 248 225 249 237 56 151 198
222 285 189 290 192 281 278 33 177 261
269 213 214 249 292 68 113 226 261 294
242 53 299 296 209 188 157 200 156 223
265 245 263 279 231 287 73 166 147 262
122 80 176 236 259 222 276 203 164 253
226 236 102 71 279 115 222 271 159 287
140 129 63 234 268 199 216 125 266 237
183 146 112 95 42 235 170 115 215 227
192 249 129 256 287 236 198 255 293 192
138 140 222 64 247 288 271 137 101 231
221 106 46 173 178 200 294 262 124 134
203 272 150 176 229 102 59 109 80 211
204 229 178 266 268 243 159 271 142 201
249 151 225 250 130 271 290 254 220 182
268 234 248 200 131 169 238 94 252 288
299 297 130 271 225 200 222 71 108 249
226 140 83 228 236 235 144 206 207 297
268 239 194 275 98 200 238 267 222 113
168 102 181 204 171 275 126 166 287 265
287 249 247 236 285 206 255 146 222 170
92 201 152 172 247 225 256 253 165 228
287 167 253 120 188 107 232 200 277 241
181 199 153 54 247 193 137 97 58 232
268 147 147 266 289 221 89 192 178 126
292 141 203 214 290 283 204 233 251 258
279 252 147 103 74 269 221 186 298 181
281 140 191 258 172 204 175 296 140 232
277 257 233 215 41 243 215 268 165 288
205 260 170 272 229 144 48 281 47 257
219 297 157 227 192 148 189 231 131 181
74 110 226 80 100 97 186 216 174 293
117 195 234 239 241 234 262 208 203 226
190 281 213 215 111 146 267 243 242 131
24 195 221 108 186 280 287 296 201 274
272 299 163 296 262 299 176 175 249 44
214 175 235 157 284 259 145 143 207 264
264 52 108 206 274 267 182 180 265 220
281 234 275 83 199 229 159 65 276 132
199 267 284 174 253 233 233 195 205 297
178 218 291 266 185 75 274 267 299 295
179 170 290 218 155 283 225 167 146 97
85 195 282 247 207 75 291 254 279 246
113 91 286 283 21 56 238 279 249 230
282 238 230 59 104 267 156 156 134 227
269 217 268 247 270 88 254 150 235 241
113 296 287 187 215 258 223 225 81 62
113 212 281 161 141 122 269 215 78 83
283 275 161 271 183 233 232 208 145 283
267 109 125 222 194 234 123 166 168 174
223 184 67 203 246 156 270 290 167 247
253 250 266 114 93 188 279 226 110 166
161 248 244 297 130 259 229 209 92 299
244 257 198 254 243 183 215 182 276 175
128 295 263 283 137 203 297 120 224 293
103 270 219 295 195 190 95 235 286 196
169 177 261 209 241 177 143 219 294 263
288 285 163 213 290 162 286 270 262 44
215 234 154 262 222 245 51 265 201 249
99 99 212 249 230 229 117 38 262 221
173 213 122 228 277 179 116 146 156 242
176 127 122 297 203 294 170 187 131 239
289 284 166 48 171 135 91 152 191 258
53 268 137 266 225 190 141 151 295 251
198 280 129 227 94 272 206 224 285 157
289 69 192 88 273 265 252 286 241 274
298 226 116 88 227 168 102 72 137 35
147 174 125 198 112 207 267 98 161 53
286 78 247 207 293 164 198 120 94 276
259 226 152 49 288 229 103 211 262 155
132 81 220 73 163 258 266 246 241 278
208 195 157 115 90 219 93 178 280 200
176 87 267 161 119 173 85 59 272 228
137 291 137 183 123 233 290 98 131 87
217 225 122 177 212 209 225 213 242 141
292 177 274 105 220 254 275 220 231 142
162 67 282 268 285 291 258 254 286 200
298 288 113 228 285 261 292 298 200 213
105 189 169 157 282 275 285 167 99 268
298 206 263 207 259 295 237 176 184 264
223 229 115 215 118 187 50 293 202 180
169 115 119 155 170 246 198 170 124 122
221 141 117 275 261 210 279 185 227 277
291 86 269 257 165 90 60 262 219 206
264 285 298 284 161 193 168 135 203 254
198 288 272 135 64 72 256 268 201 278
286 195 293 299 148 238 194 215 252 296
122 233 175 98 177 65 156 222 106 170
296 214 223 123 196 258 164 277 223 171
148 192 257 50 296 264 109 72 177 110
177 124 112 264 90 2 44 217 240 290
234 234 264 260 224 281 291 124 283 197
114 262 270 281 158 260 276 88 194 150
137 125 261 236 93 189 57 233 213 267
157 209 246 129 299 46 265 116 146 123
215 106 228 243 97 111 75 297 253 70
272 285 284 282 123 206 108 206 207 216
178 181 273 100 277 257 234 67 211 264
85 177 213 264 101 37 227 197 291 76
167 286 103 93 289 47 184 185 209 204
271 185 210 261 298 283 222 292 197 224
177 89 104 184 252 105 189 259 62 114
105 253 262 75 175 83 165 232 223 279
200 228 156 63 256 235 217 231 193 267
187 266 97 209 250 89 296 59 242 262
262 288 298 269 282 208 204 149 208 70
181 290 43 285 290 155 230 258 279 184
259 158 159 185 200 182 275 282 121 292
124 194 299 133 75 234 263 288 264 245
70 40 229 277 157 277 37 213 126 289
157 274 113 78 132 180 280 262 166 287
245 226 66 279 7 128 142 241 109 248
133 297 216 238 297 290 189 270 144 258
168 274 137 217 271 245 201 228 78 211
243 175 251 221 136 108 108 104 149 116
