300 10
78 175 59 140 40 70 28 92 264 39
91 66 70 159 16 247 167 226 22 74
14 19 159 2 146 99 155 62 46 51
14 113 24 35 93 6 58 16 255 32
165 35 0 30 87 140 24 135 58 75
31 61 194 21 138 65 44 168 184 109
190 9 198 0 70 80 9 186 188 46
72 194 224 231 96 114 93 33 79 48
5 39 185 134 181 50 66 25 153 232
49 13 127 98 62 87 70 84 172 19
144 114 47 141 188 115 58 177 18 12
79 257 82 46 47 125 60 134 22 69
68 58 39 184 92 202 166 215 224 54
171 56 46 68 72 13 41 68 112 51
32 16 179 139 120 194 67 117 7 159
146 36 124 37 37 50 113 184 16 256
9 162 151 75 182 108 8 171 231 9
39 31 99 225 41 107 30 5 32 82
160 91 71 199 108 61 117 1 14 80
42 76 135 233 76 67 47 26 176 41
6 176 42 40 103 118 36 129 222 64
69 96 189 68 136 120 45 7 26 72
224 66 89 29 6 58 38 259 243 15
166 287 145 83 117 114 287 42 157 58
79 9 191 110 59 162 8 191 208 5
73 80 132 69 49 201 80 89 67 129
79 90 149 11 68 103 15 1 201 65
201 60 186 114 164 160 115 2 141 265
122 48 47 70 176 0 208 81 55 106
169 227 33 124 176 187 90 105 191 117
276 50 173 12 37 182 47 133 90 130
59 12 249 14 55 184 33 39 107 54
262 115 15 143 108 184 33 128 128 267
43 133 14 100 118 28 115 29 53 155
4 83 34 189 43 66 139 59 0 191
158 84 196 35 75 56 188 158 2 31
129 101 89 107 129 110 144 65 179 26
20 56 235 49 80 22 107 52 107 188
262 29 169 15 7 104 62 25 157 94
197 14 70 128 17 11 10 68 141 9
170 37 11 87 134 58 32 59 141 14
160 126 48 25 24 183 51 114 126 0
219 42 117 40 12 193 26 103 157 72
264 56 45 135 41 147 163 184 186 41
38 74 16 43 196 110 50 96 13 217
5 243 32 95 134 94 87 149 189 152
36 89 60 244 36 31 135 266 24 21
189 69 7 107 265 39 56 23 30 6
125 228 103 120 142 83 68 58 14 20
80 122 188 11 1 2 58 197 61 168
27 245 239 47 73 185 77 140 214 104
119 9 229 104 144 113 16 183 10 50
28 0 56 193 68 70 43 121 81 117
141 58 230 149 15 134 158 175 14 118
149 22 97 47 70 40 217 152 58 144
198 170 99 97 278 161 150 182 210 41
44 53 90 45 118 71 37 106 22 11
49 11 167 244 11 18 128 110 28 15
291 119 212 5 80 248 107 12 6 251
222 36 29 220 10 15 119 251 171 90
107 193 7 24 265 98 83 28 182 55
153 38 143 74 40 53 78 139 240 10
110 41 128 243 126 28 54 82 34 193
131 140 234 143 16 162 223 123 116 184
253 155 198 102 68 46 211 89 51 259
207 55 142 160 131 25 120 52 12 156
217 148 139 86 14 12 195 168 37 66
33 122 77 195 108 114 110 176 19 17
169 165 130 124 3 65 172 173 132 65
223 92 72 228 60 88 58 236 138 2
210 197 175 4 199 12 139 8 201 73
71 119 232 106 111 109 30 59 124 114
84 169 16 244 241 201 159 52 161 52
55 9 1 229 7 147 48 10 11 5
89 66 81 149 40 171 139 82 153 70
7 115 11 201 196 77 223 28 14 17
70 90 125 10 3 262 212 35 188 101
112 90 36 188 103 96 32 14 63 26
65 191 126 30 13 107 52 189 86 190
44 176 26 37 85 47 82 67 165 268
5 27 235 121 11 5 158 193 144 157
156 74 24 50 98 24 56 38 59 174
5 98 78 63 84 148 32 164 85 89
26 90 230 111 42 1 124 71 198 86
79 0 106 27 20 160 65 2 83 54
50 0 275 68 109 150 56 153 121 41
2 0 184 201 1 6 18 172 188 87
139 4 38 59 108 184 12 15 213 132
33 27 248 4 137 277 130 198 75 287
154 184 183 241 128 153 121 173 107 27
127 217 65 64 196 44 154 103 47 207
0 94 175 156 24 94 12 128 109 12
6 61 37 71 186 219 20 206 88 96
21 41 102 145 128 256 18 77 111 59
153 18 116 148 193 19 13 32 276 236
81 168 98 18 165 73 98 38 218 167
256 15 148 37 8 91 203 50 12 20
230 44 3 85 21 156 199 119 122 2
33 25 168 77 17 238 84 7 22 46
63 117 23 69 96 77 100 171 175 161
57 156 23 70 41 209 216 108 188 12
81 81 99 55 72 0 131 63 100 121
74 144 0 144 10 8 78 247 101 3
37 183 187 228 6 17 155 121 178 22
91 45 93 109 18 100 66 133 190 132
165 90 166 264 92 72 23 90 91 109
74 158 249 224 52 116 19 24 86 45
166 106 262 228 33 55 26 82 118 105
76 32 103 104 19 10 1 7 80 141
75 103 29 134 78 5 132 198 93 145
73 35 27 155 161 72 167 9 99 124
235 65 27 178 191 191 127 162 16 102
8 12 242 146 81 3 200 3 120 224
35 51 20 57 234 172 42 276 157 126
200 38 84 201 127 19 101 36 180 8
72 194 208 234 8 223 160 207 11 60
24 148 41 67 100 47 160 247 128 71
137 112 67 29 208 31 99 267 16 157
143 137 150 266 37 143 82 86 52 185
54 135 119 102 37 15 27 194 147 256
151 24 145 27 180 113 67 206 134 242
28 132 162 207 53 155 83 87 142 36
44 96 47 88 158 233 4 107 38 168
7 11 210 53 143 151 49 90 131 198
209 183 84 47 44 65 164 109 62 139
90 50 144 47 156 111 94 136 19 28
7 195 88 149 211 26 34 98 8 32
154 40 149 109 138 167 121 35 23 132
90 14 294 140 52 50 140 70 108 212
57 207 77 62 130 55 70 275 177 134
3 183 83 7 102 79 88 69 144 25
18 16 21 26 48 19 78 81 131 16
136 89 137 23 156 183 141 112 192 22
30 78 218 96 37 47 253 0 57 223
12 156 17 285 74 128 131 34 212 153
155 26 212 104 33 100 82 81 236 260
31 78 163 79 15 108 231 7 115 36
117 134 72 97 76 15 128 50 67 16
68 11 53 6 45 100 162 58 68 8
54 92 95 35 278 93 33 6 10 17
43 119 81 40 98 162 97 14 67 169
108 219 145 76 186 17 126 112 149 47
126 35 272 12 90 113 50 77 55 154
158 114 92 180 90 236 144 172 47 188
40 15 112 144 51 97 252 59 108 246
160 128 9 205 105 267 1 252 18 49
79 85 152 156 13 79 26 116 184 36
73 10 126 202 15 110 76 46 100 31
128 12 89 45 188 62 130 159 13 152
72 45 21 42 255 169 109 76 31 215
65 84 8 85 85 126 83 31 64 39
30 190 82 77 170 79 201 68 56 74
85 83 103 43 63 158 180 94 185 10
231 163 37 197 9 92 50 67 50 12
39 180 63 161 72 18 77 54 4 55
29 161 7 66 151 161 46 127 1 57
170 173 32 137 57 30 122 70 27 93
107 119 130 176 94 105 28 119 124 21
145 35 211 128 104 151 38 68 31 79
215 18 69 153 63 142 71 75 73 257
68 186 134 123 84 220 237 72 6 108
128 62 141 108 204 84 146 64 1 262
176 30 85 46 219 41 156 5 229 75
47 60 62 28 106 73 187 113 146 115
58 260 30 224 34 74 246 94 106 17
66 142 30 149 174 3 131 71 144 149
95 88 122 22 126 203 71 13 220 120
81 32 156 100 62 67 16 42 127 177
104 98 100 49 210 109 69 9 12 25
261 7 94 67 79 93 139 20 129 198
154 110 65 153 161 62 127 55 104 138
118 255 47 82 171 170 36 113 246 208
78 47 203 139 149 214 56 18 79 65
41 211 12 282 91 10 160 101 66 35
34 180 58 11 204 20 88 51 237 97
16 86 0 104 34 100 20 145 1 84
41 45 14 178 11 172 147 104 20 3
149 229 81 201 147 23 17 102 233 40
90 73 8 36 10 118 50 137 95 22
13 182 12 23 182 153 196 224 177 140
72 123 65 12 101 79 107 85 47 24
82 204 86 65 24 30 83 50 79 2
16 142 111 151 141 140 68 192 33 171
202 148 104 124 119 73 124 100 124 205
36 159 71 105 190 27 25 90 66 261
62 0 26 69 17 224 102 112 24 127
111 20 60 90 124 202 85 45 208 102
25 77 75 23 3 18 163 29 40 63
236 50 71 163 19 65 113 90 52 63
8 51 95 144 161 144 59 136 69 79
92 68 57 11 8 135 139 14 85 44
44 65 223 236 140 31 126 103 98 13
89 246 97 187 15 164 174 183 28 149
100 66 114 136 130 25 198 65 21 202
85 66 19 224 201 215 164 169 131 0
239 189 28 2 183 48 225 166 221 134
66 135 19 14 61 121 150 37 97 50
126 27 89 2 199 183 79 51 19 63
226 143 22 152 8 135 182 137 28 33
207 1 76 81 44 187 55 119 118 86
37 151 133 45 123 209 55 120 129 40
104 87 47 159 25 16 119 33 110 0
212 34 141 68 30 60 47 85 93 222
157 11 5 157 55 58 209 224 94 85
22 254 86 227 85 63 150 251 7 125
31 74 20 32 156 68 96 189 80 3
7 141 152 4 219 86 19 145 128 280
38 65 99 39 41 205 251 5 19 204
83 83 42 36 11 158 102 91 192 74
191 95 111 146 16 98 218 17 131 144
46 124 264 36 39 55 53 47 51 183
32 66 185 22 165 102 114 186 88 0
96 45 223 53 5 268 11 2 6 39
132 148 23 244 94 37 97 104 113 18
121 4 166 82 48 1 49 157 247 8
46 223 142 12 193 102 46 13 35 48
12 73 60 87 92 80 10 126 128 185
183 99 120 8 234 249 4 4 174 25
30 93 45 3 45 177 47 89 28 138
18 208 22 108 27 3 12 110 75 163
161 19 20 180 168 143 14 117 82 61
112 41 64 102 224 0 175 26 15 145
119 12 149 127 125 21 35 48 248 134
1 17 203 44 66 55 86 43 132 58
103 101 88 195 123 129 13 8 117 153
275 95 170 41 111 90 87 210 57 175
106 211 145 25 174 200 61 198 56 11
10 36 169 16 12 189 71 128 135 34
54 5 2 101 39 139 189 183 127 209
44 152 11 9 277 238 10 162 205 11
146 152 89 132 86 81 68 162 40 137
38 13 105 141 50 282 105 131 32 91
233 64 51 150 31 260 173 78 140 53
147 27 28 98 10 109 1 175 30 22
141 114 57 47 37 191 6 30 64 171
227 174 17 125 160 118 72 204 212 182
53 80 8 203 156 6 243 179 18 70
117 32 4 29 85 27 85 93 263 27
155 156 71 26 9 6 118 72 5 153
7 38 12 149 23 114 52 240 70 270
3 106 93 129 21 19 26 21 165 13
164 101 190 145 20 13 220 112 64 91
69 15 92 96 4 4 139 47 134 151
154 166 23 94 12 251 54 21 150 209
110 25 54 98 70 209 70 199 117 160
36 33 164 194 180 231 57 7 17 163
81 219 48 203 76 10 270 107 81 75
6 74 28 167 30 102 7 82 113 135
265 128 129 41 52 166 141 22 11 47
56 81 8 5 3 78 169 75 145 17
70 209 83 7 93 177 199 87 228 39
40 14 61 38 146 77 81 111 68 136
46 146 265 134 46 261 138 57 196 3
0 78 170 29 168 147 43 55 237 17
76 233 238 82 150 160 221 138 35 86
35 25 26 34 239 45 205 162 51 73
135 60 58 143 244 82 261 24 132 51
214 108 24 184 32 12 76 67 0 96
62 15 171 207 85 97 242 36 17 231
121 26 137 1 25 18 41 15 39 57
38 208 190 153 65 8 55 7 50 85
49 91 99 152 89 235 137 149 11 48
95 50 71 0 39 107 8 61 72 265
107 91 41 169 69 29 9 5 99 132
100 9 50 80 44 118 69 192 264 42
103 12 134 16 66 23 79 21 226 97
151 173 156 26 50 129 56 179 218 43
28 81 287 54 177 176 13 16 110 42
146 188 246 43 136 6 13 112 130 116
107 24 85 64 116 148 231 217 150 210
187 242 153 72 44 115 264 83 68 50
90 16 49 199 23 169 38 48 253 8
63 53 27 154 37 91 141 84 208 51
30 22 58 168 4 180 79 12 129 46
232 60 4 35 154 16 31 48 165 58
191 86 1 38 158 134 24 150 148 214
93 65 152 175 66 200 64 84 104 157
72 43 16 170 51 183 110 1 0 91
134 18 209 243 188 51 159 78 245 1
22 97 90 148 23 129 37 12 222 94
216 19 253 32 70 182 40 28 58 69
182 159 140 183 237 2 55 155 29 164
6 97 212 53 173 1 126 188 9 36
89 112 19 195 134 182 110 141 89 197
198 31 61 9 130 107 137 179 41 144
218 50 176 63 42 94 268 1 33 111
71 1 13 34 48 200 77 81 206 179
87 165 81 163 188 115 154 183 11 177
218 149 182 68 100 16 281 9 5 16
43 97 69 42 62 45 139 191 5 274
243 6 106 208 4 120 34 90 191 75
203 29 181 171 97 142 87 109 202 75
198 229 59 99 12 132 23 18 157 183
105 23 134 156 30 53 30 93 226 39
94 24 147 88 149 134 131 64 252 182
9 38 33 99 94 54 14 29 173 9
26 142 145 1 12 35 232 103 258 64
126 84 166 21 109 180 230 47 142 115
105 62 131 3 162 16 65 85 216 214
56 164 53 227 132 170 24 103 38 34
207 243 264 145 212 246 211 139 275 126
180 238 231 296 24 279 255 293 106 159
112 265 195 182 203 117 256 271 103 241
20 241 294 121 262 107 190 17 255 76
291 181 283 250 238 291 55 153 113 83
295 188 264 84 168 202 264 187 217 252
287 286 227 62 104 121 204 196 193 269
191 282 288 293 271 135 274 213 261 229
55 284 224 169 207 59 145 147 299 253
280 256 253 281 126 140 197 211 181 246
237 202 101 200 221 232 161 268 84 75
292 293 248 200 163 167 169 256 57 298
167 227 168 213 289 266 273 235 269 145
281 134 228 90 225 123 48 147 218 244
124 226 294 296 178 226 275 285 252 298
202 219 180 57 41 126 227 245 141 263
129 246 157 107 224 203 28 232 283 225
256 128 277 263 55 265 110 134 103 176
244 220 84 247 270 65 215 8 75 194
187 286 139 236 278 137 264 98 260 221
12 207 219 269 227 208 297 168 282 140
277 200 245 78 198 159 242 62 74 156
231 188 166 162 129 277 120 263 292 230
289 288 187 147 277 234 295 97 274 217
291 278 240 263 103 186 229 297 225 11
256 96 269 127 239 277 130 158 105 167
208 201 167 224 76 259 186 252 219 221
259 211 189 215 167 163 126 105 141 284
236 98 130 254 280 188 269 122 132 176
207 296 230 192 289 245 207 176 283 220
296 61 266 33 267 250 224 275 263 143
215 164 260 140 176 280 75 103 263 120
289 283 45 221 128 290 109 256 185 294
237 222 288 254 254 228 149 199 130 195
267 174 169 220 206 249 219 112 83 211
185 160 268 45 133 208 256 177 183 87
161 211 293 108 164 160 259 74 200 86
41 226 269 225 203 117 117 179 261 224
279 247 179 260 59 252 180 240 220 115
200 15 140 158 115 114 205 166 243 186
253 236 148 118 240 272 225 237 168 47
260 285 131 211 185 205 296 249 280 85
294 152 175 179 147 247 206 246 254 167
283 193 212 158 296 234 236 191 198 182
177 158 90 252 220 204 239 99 170 294
243 258 286 98 190 116 116 252 203 194
281 245 204 293 233 74 209 293 153 201
284 285 193 239 277 280 110 275 253 38
287 257 294 141 212 214 283 282 199 235
192 164 193 200 158 277 177 235 184 263
282 247 281 126 245 217 95 295 290 272
120 54 238 205 295 137 190 212 21 90
165 76 75 267 295 219 97 206 275 197
275 296 270 222 28 204 237 240 269 180
230 274 113 273 214 43 262 190 212 175
268 175 124 145 282 287 193 244 229 85
233 264 108 73 250 158 293 195 284 176
80 252 172 297 114 125 280 249 69 100
296 131 295 187 82 284 152 210 63 270
258 105 220 235 100 45 164 293 268 119
271 240 34 130 269 280 97 240 226 178
192 252 260 84 276 150 134 207 299 36
114 110 207 293 202 57 136 182 169 204
276 280 283 185 139 168 293 201 195 203
258 255 253 254 212 295 262 289 76 260
268 277 184 261 241 134 164 282 282 163
292 237 229 243 132 50 204 298 41 121
109 191 143 285 236 164 274 213 173 170
220 240 145 203 7 185 187 177 270 213
264 272 118 258 71 130 194 250 158 232
213 277 234 264 257 96 215 68 252 139
97 252 288 224 282 184 119 290 241 160
218 246 46 278 243 229 195 195 248 195
80 72 112 261 33 258 245 104 199 151
200 214 86 287 246 297 272 195 243 156
37 284 145 261 271 257 273 159 95 277
297 217 196 76 268 281 219 145 252 206
169 275 58 219 244 132 126 244 166 33
113 254 131 186 180 112 267 275 137 228
202 279 146 196 184 61 192 128 240 281
125 98 246 191 294 11 212 273 192 267
278 117 42 248 186 269 215 113 85 203
18 98 275 254 291 156 83 266 169 120
176 142 267 162 190 112 190 298 272 223
224 77 291 138 40 161 275 204 95 90
273 83 295 251 170 180 111 257 262 155
79 109 279 295 128 270 22 225 286 263
186 34 51 92 298 208 211 183 262 248
120 104 293 11 297 288 177 275 115 299
190 253 284 246 180 298 175 286 279 208
292 223 277 294 284 112 254 231 98 218
20 186 250 252 111 283 192 272 243 24
116 126 251 93 259 252 149 262 230 97
165 148 221 192 135 272 168 265 185 95
292 88 287 238 266 36 224 106 285 273
155 295 127 121 225 112 296 223 232 176
269 134 212 150 92 152 249 254 69 180
294 216 241 131 67 230 212 294 158 154
66 32 169 223 293 295 222 120 279 75
248 164 255 91 160 177 224 277 212 292
174 183 269 270 174 248 259 180 189 100
248 231 277 131 136 91 169 157 144 188
264 166 24 228 139 20 201 256 200 15
198 285 268 231 113 93 266 288 222 75
103 83 200 142 244 242 285 254 271 290
174 93 179 271 226 173 292 120 200 241
283 269 269 283 117 170 261 261 243 153
269 144 270 252 97 248 60 285 204 133
288 174 298 144 270 247 208 189 262 249
294 153 212 235 236 49 188 228 198 202
197 218 225 252 254 177 170 261 162 207
272 130 153 201 206 252 169 270 48 119
158 233 283 238 268 95 209 168 218 281
104 240 34 256 249 204 248 277 257 128
221 259 175 271 240 288 250 140 253 203
191 286 297 295 183 229 278 220 58 223
225 246 97 210 276 205 228 258 178 279
173 220 260 147 244 246 208 282 103 245
229 262 204 275 290 244 259 222 254 239
174 173 256 183 142 214 46 263 188 287
277 193 213 137 256 249 113 262 224 290
268 244 295 261 184 261 111 165 185 173
111 115 282 132 208 272 233 284 80 240
285 275 266 213 287 196 121 151 214 279
254 227 239 79 44 215 220 296 125 259
121 251 187 188 199 259 262 272 144 62
275 271 91 152 291 179 142 169 279 54
243 87 280 297 207 244 219 188 196 185
184 163 299 146 172 276 195 271 151 224
240 261 279 146 131 233 145 292 190 227
274 187 183 241 232 212 157 273 188 205
288 158 115 269 69 22 94 289 155 290
226 266 197 277 176 258 191 235 269 267
282 103 243 247 140 95 288 211 146 264
45 276 125 288 128 292 296 197 264 204
203 112 277 104 80 190 111 143 257 291
285 221 220 189 269 203 261 123 126 285
298 135 155 128 227 223 295 192 297 198
68 230 280 46 122 287 295 216 249 65
98 169 216 191 279 248 263 146 205 76
53 265 296 283 214 296 139 123 231 241
110 296 256 252 252 114 156 143 267 105
150 40 285 13 165 158 169 138 100 165
186 116 112 226 182 257 247 278 286 242
268 182 162 239 206 279 280 78 252 260
221 175 87 284 130 296 96 271 171 98
132 196 228 189 86 216 272 274 188 140
161 239 253 291 45 262 290 60 200 53
259 54 203 112 213 214 190 196 272 291
225 156 224 250 294 296 159 260 51 286
130 252 227 285 131 189 169 120 138 155
101 277 263 260 226 182 268 133 71 188
298 164 150 211 223 172 197 154 289 54
249 270 262 197 255 165 297 240 153 188
256 229 165 261 88 96 207 65 15 249
239 288 232 146 230 211 134 182 146 63
181 297 244 171 202 179 143 124 138 293
260 253 289 218 216 150 231 266 208 54
226 69 212 276 294 249 268 100 286 275
243 212 164 160 286 275 229 233 165 273
223 220 139 166 232 276 237 299 100 265
258 103 287 295 236 295 220 104 296 284
191 220 202 249 219 42 265 243 253 153
221 87 214 140 260 191 239 280 171 253
150 280 182 264 50 174 293 131 146 42
80 181 149 214 268 251 286 244 206 159
232 213 137 232 154 232 145 157 296 135
160 104 191 285 88 263 39 134 261 197
244 143 282 224 240 166 292 54 169 55
293 17 165 191 171 210 286 58 271 299
265 282 131 161 284 189 240 219 167 211
133 256 115 194 232 279 294 263 258 289
287 133 293 185 210 274 81 119 209 221
270 244 133 288 130 103 276 284 220 108
170 235 98 205 211 86 286 109 275 266
241 100 262 222 130 103 266 266 135 146
252 255 245 279 165 207 171 130 282 152
270 290 135 223 208 90 227 138 279 128
235 140 109 172 134 119 99 159 167 147
38 299 25 102 259 286 230 268 178 154
261 145 276 249 201 296 277 101 277 293
196 239 249 111 70 82 278 213 226 117
250 148 235 299 204 191 85 243 116 174
248 148 159 186 215 108 126 108 296 251
179 222 93 118 250 251 149 277 149 290
181 99 185 186 72 289 274 227 135 220
260 267 123 173 275 249 168 241 239 177
144 223 200 155 100 235 175 37 244 141
248 178 172 280 154 162 271 252 165 218
224 64 227 148 172 209 206 249 248 283
172 92 183 199 89 186 217 247 281 139
251 110 240 284 293 180 244 151 218 73
132 256 109 217 60 266 291 285 180 258
180 250 260 183 231 214 207 85 287 238
288 105 57 231 230 243 213 241 187 1
291 250 238 78 295 144 293 221 231 295
256 282 26 262 233 231 202 291 210 180
219 165 172 122 201 291 99 138 259 92
276 160 92 178 145 289 206 164 232 121
265 73 257 93 100 211 200 144 223 263
223 288 236 77 257 259 291 210 210 279
154 271 130 188 162 179 187 221 174 60
275 276 218 287 177 196 93 237 118 273
275 191 100 260 126 100 239 249 239 283
239 265 134 243 181 206 178 279 75 277
287 220 233 285 248 155 194 224 152 96
14 205 280 262 254 161 82 204 134 284
132 140 235 177 159 293 298 104 214 223
235 257 246 181 237 287 271 241 232 93
193 224 250 166 91 123 262 153 147 157
69 242 290 136 177 57 177 71 179 255
90 208 288 138 193 268 256 189 270 136
188 220 231 164 261 291 77 58 254 249
193 296 102 293 133 160 144 290 163 83
191 71 173 129 174 170 225 192 294 227
47 247 248 79 235 123 265 119 188 159
262 150 111 193 141 263 149 141 156 288
203 103 241 97 286 277 282 23 278 134
140 269 245 250 189 227 167 174 293 264
34 246 280 147 103 175 284 260 270 217
175 112 170 257 281 225 248 215 209 228
192 109 153 272 280 270 256 132 120 298
186 115 154 250 127 50 52 247 296 181
223 253 272 171 170 170 223 252 250 177
163 208 267 292 176 168 296 66 138 190
291 197 272 65 233 95 214 294 241 282
229 228 204 209 281 224 295 230 296 272
238 44 298 48 15 242 279 157 176 150
218 253 169 235 55 224 194 196 279 263
192 277 84 111 296 247 220 222 289 138
187 192 114 279 161 271 197 202 232 199
65 182 291 290 235 284 259 248 236 200
285 76 103 201 94 268 210 140 163 157
186 260 156 262 256 139 26 287 151 157
214 218 261 154 132 207 216 168 264 200
236 271 272 207 180 162 266 273 218 235
76 257 95 250 221 109 282 288 120 232
262 113 273 154 246 165 229 161 278 261
211 162 293 111 28 215 262 98 71 223
209 267 134 210 56 189 79 290 86 298
176 247 270 287 143 165 247 252 298 124
281 135 268 266 160 155 246 212 260 255
84 295 167 103 121 119 226 277 174 245
293 209 124 110 166 283 232 144 155 261
253 212 267 291 86 265 135 204 142 218
96 75 219 199 252 273 124 73 56 276
87 266 286 265 96 208 288 201 231 87
214 173 124 273 123 283 204 101 267 270
280 240 144 185 231 237 171 280 169 289
114 107 56 81 287 225 198 252 251 33
168 283 246 60 219 220 297 208 289 238
273 155 85 244 290 87 241 179 242 147
58 264 277 184 253 297 186 244 201 42
45 124 215 68 275 293 222 81 260 106
81 278 262 181 238 293 276 270 91 109
230 161 77 271 273 263 299 238 281 255
228 265 221 203 283 197 275 128 229 293
265 221 231 230 109 220 211 115 245 130
94 24 215 216 183 98 270 54 229 289
216 90 291 210 27 240 129 25 187 145
204 243 226 264 145 107 241 230 116 136
181 119 170 204 133 290 233 154 290 95
173 124 75 27 248 177 222 82 80 269
251 170 237 186 162 225 140 253 294 182
298 53 259 209 139 163 219 285 295 226
198 202 289 130 245 165 90 217 296 118
244 242 213 200 90 153 292 231 227 199
127 98 293 196 246 221 71 82 297 234
156 212 264 280 279 298 223 119 182 254
237 239 272 193 170 282 265 286 232 218
208 299 275 168 108 156 298 196 250 227
163 184 293 239 127 212 132 88 268 204
110 288 117 225 59 143 163 140 289 263
218 106 100 187 223 206 147 207 158 65
246 243 236 48 251 118 249 219 214 175
267 249 143 51 228 223 53 194 224 265
208 169 270 215 214 274 156 158 139 270
242 255 285 180 214 221 139 79 92 118
244 283 247 245 206 96 164 154 291 135
229 276 224 281 251 229 287 266 273 138
237 219 271 174 103 294 234 231 86 87
224 167 255 201 247 293 145 179 272 285
8 286 227 171 177 208 231 239 77 93
103 184 181 209 201 230 198 202 298 262
255 50 201 152 279 160 177 258 208 197
275 274 253 252 136 175 271 143 245 252
171 277 166 236 147 267 135 168 218 285
87 276 130 194 223 183 177 190 254 259
282 152 253 98 251 54 298 237 46 94
254 260 127 207 270 114 152 225 119 293
267 54 137 218 12 267 273 94 223 139
249 268 201 220 230 287 167 277 267 192
203 299 282 210 280 194 144 166 280 272
299 169 289 229 201 83 260 169 287 55
96 127 292 156 264 285 239 298 276 275
228 96 224 150 275 249 284 228 283 223
187 194 155 141 221 226 293 150 265 292
151 120 211 282 241 197 252 75 281 159
258 299 161 125 208 63 228 226 237 240
172 190 182 249 213 296 217 267 90 194
