300 10
152 201 272 7 67 91 97 2 32 161
73 157 197 108 34 198 2 136 5 20
119 151 255 194 160 74 225 55 98 90
145 55 9 148 11 110 118 130 19 267
74 93 95 116 86 77 7 143 126 147
168 22 259 205 43 196 30 102 45 8
79 121 137 179 33 72 24 212 19 140
151 34 160 204 103 41 43 2 161 47
144 88 33 65 196 139 75 35 17 84
61 161 28 18 41 128 45 33 11 47
257 41 123 96 7 107 2 161 41 247
106 173 116 85 233 145 213 210 120 54
60 284 67 24 74 58 10 0 4 74
20 88 148 21 142 202 12 27 118 160
7 168 184 8 71 147 31 120 162 236
42 234 109 182 20 46 89 32 121 139
39 141 0 39 209 5 116 40 111 210
105 75 149 199 18 146 26 19 199 73
65 57 117 39 121 63 60 54 42 16
195 123 43 68 164 81 108 35 4 35
16 63 8 207 96 178 226 228 251 143
184 75 43 38 130 170 59 26 178 26
79 35 129 89 96 57 214 195 192 6
193 111 118 131 69 160 213 17 187 167
136 66 102 17 17 198 223 45 129 88
102 7 17 192 89 45 167 102 72 43
20 2 106 103 96 37 40 158 288 188
245 90 183 116 142 150 92 13 87 154
92 18 84 70 17 38 57 123 61 81
40 148 187 75 193 77 152 44 14 36
105 46 195 116 251 32 17 191 76 40
118 61 116 46 82 21 81 177 135 83
189 93 175 109 28 117 113 84 21 54
154 17 58 106 9 39 40 208 190 82
129 23 112 90 23 22 136 46 106 57
56 13 229 18 2 124 138 131 58 88
98 193 178 1 20 134 76 94 212 234
66 12 7 78 217 193 179 140 21 15
149 110 218 107 116 124 125 16 28 30
131 111 153 231 52 235 50 100 92 98
45 84 4 62 46 29 78 22 175 59
83 61 19 112 141 154 171 83 64 28
42 9 193 136 55 146 67 23 120 96
33 0 126 60 15 66 22 94 139 20
53 17 111 89 200 81 227 168 36 30
249 154 21 146 133 13 98 10 131 43
134 63 22 197 71 113 91 54 186 108
53 32 64 14 39 130 70 248 113 141
149 136 119 9 138 10 113 25 221 183
206 71 52 158 79 57 248 18 184 131
163 193 54 77 116 116 136 6 69 192
10 151 135 249 133 96 122 13 40 5
14 61 37 180 80 34 1 14 175 1
134 85 88 102 48 81 13 9 39 213
209 161 4 287 147 0 195 127 53 158
98 58 178 208 108 29 264 190 199 30
55 248 125 276 71 191 24 71 182 106
38 13 100 126 270 169 26 197 225 26
161 56 35 68 121 48 123 191 169 5
41 172 124 48 293 57 91 201 22 55
197 55 122 10 35 17 52 57 13 166
259 184 139 89 114 134 80 28 85 116
190 100 16 41 29 82 69 26 247 57
63 145 90 20 49 103 74 160 124 135
73 113 50 266 261 111 152 54 40 160
31 22 29 91 83 44 63 89 0 218
17 9 113 60 169 43 50 136 154 195
13 92 187 69 133 21 33 112 22 148
33 98 98 145 13 14 56 56 31 153
8 95 15 62 23 70 149 34 49 160
183 130 30 67 15 33 2 96 114 81
78 39 272 150 57 173 190 113 282 21
42 29 37 93 91 101 244 101 178 47
81 76 153 181 44 84 89 53 91 17
78 43 200 109 15 59 29 29 275 109
189 107 105 232 128 258 48 36 196 17
61 8 252 145 99 141 21 175 87 23
13 81 10 68 72 125 31 88 140 147
11 15 9 26 55 90 67 124 222 124
126 107 151 147 137 166 58 41 117 237
110 182 168 138 9 289 27 14 60 65
11 70 91 8 79 220 39 46 179 159
38 8 51 13 0 89 60 130 53 4
115 99 54 214 90 3 70 227 68 172
40 199 74 134 105 117 119 39 212 10
169 200 27 144 46 45 137 128 195 168
12 160 75 9 73 70 52 14 128 2
133 116 50 157 78 3 61 133 215 45
122 155 54 187 5 113 104 0 143 52
14 217 102 33 216 107 59 1 14 166
242 45 77 203 5 7 139 181 44 47
102 44 29 93 129 59 44 12 193 26
232 51 121 243 194 23 51 6 75 167
2 78 26 34 174 128 12 114 73 100
35 127 188 10 249 225 32 223 248 214
80 182 270 2 127 31 2 284 118 99
31 87 219 203 55 43 45 77 221 46
264 4 60 221 82 57 211 49 142 110
1 232 290 116 20 133 194 47 136 78
13 93 41 13 76 132 0 233 58 177
7 35 167 206 139 256 213 272 144 143
76 228 9 15 194 160 212 20 107 20
39 74 16 10 111 205 146 153 171 84
138 0 186 46 96 136 54 118 121 42
48 57 87 157 42 48 229 189 122 99
120 91 107 172 32 187 35 194 100 164
107 212 61 175 250 160 97 277 153 53
90 102 39 33 143 186 201 58 0 16
22 32 146 75 118 83 50 140 18 92
80 40 15 70 88 162 81 114 33 7
130 4 80 31 0 150 1 114 165 156
71 73 71 23 203 159 42 19 128 35
139 3 24 3 41 240 145 178 96 229
73 106 128 141 95 211 106 139 47 156
82 238 46 187 193 10 200 113 93 8
228 139 61 66 179 95 60 147 39 51
81 33 26 66 42 46 5 71 96 168
162 22 27 135 35 89 86 75 187 46
141 58 132 15 172 113 175 150 99 27
123 124 38 90 95 191 90 121 252 160
147 39 218 25 114 19 127 106 109 101
134 27 54 93 14 209 67 85 143 65
129 120 165 167 7 35 134 271 164 22
8 18 86 138 103 30 46 184 70 26
35 151 142 203 64 61 172 245 69 62
204 168 153 31 6 20 177 56 79 80
94 61 81 7 45 104 69 126 242 27
48 182 235 123 17 137 61 7 56 235
143 215 258 39 64 163 143 52 152 122
151 84 164 65 251 38 171 111 11 209
32 83 78 116 35 223 118 254 226 100
106 27 42 18 89 44 191 90 78 21
4 122 41 184 4 118 70 151 59 50
218 65 123 180 66 230 157 146 65 23
131 103 50 50 62 55 12 79 208 43
56 43 119 5 151 104 141 153 64 121
24 34 29 106 9 245 54 81 153 15
17 140 18 80 194 49 80 168 125 196
20 121 166 20 30 116 164 120 150 72
59 77 62 204 219 25 71 268 214 148
7 145 57 147 256 184 36 87 55 77
70 40 68 104 210 38 217 4 146 23
1 42 83 93 37 118 267 57 125 62
13 66 226 166 29 160 212 26 68 43
29 77 207 88 75 161 141 158 120 3
1 6 6 101 136 98 103 86 183 130
62 20 168 30 6 63 185 16 33 242
1 179 149 207 92 100 74 143 45 45
2 28 104 210 103 68 162 112 80 193
60 16 243 138 108 40 20 151 233 181
117 5 34 13 134 166 2 65 94 70
154 33 110 40 129 103 124 4 45 47
18 95 65 14 29 62 5 116 210 22
148 194 274 180 44 88 15 142 80 28
43 107 103 126 118 151 86 37 171 170
73 47 100 29 80 259 125 266 88 89
82 79 26 37 194 36 122 103 103 80
76 33 194 11 43 37 85 109 42 28
131 92 30 89 63 34 71 145 160 15
175 25 103 133 15 68 152 26 9 48
183 56 20 54 237 221 163 35 122 115
53 12 242 22 45 31 72 168 115 139
73 51 75 4 19 67 171 172 8 6
141 78 32 53 46 73 5 63 94 42
129 22 38 5 77 196 110 17 9 178
56 229 16 41 196 175 118 77 128 62
203 97 175 250 123 23 33 52 286 158
57 195 113 111 23 15 80 57 24 204
196 116 27 10 246 37 87 144 103 104
15 117 91 1 168 251 17 186 36 13
21 212 108 158 134 15 5 101 69 40
87 32 128 103 231 195 121 110 50 73
77 138 79 8 0 184 73 88 21 2
233 235 111 115 35 4 111 186 264 90
6 51 45 6 52 83 144 27 52 45
106 248 94 73 135 112 34 10 213 49
0 14 30 160 48 121 212 99 84 256
4 150 119 40 200 203 167 141 22 16
193 165 135 158 27 189 20 89 59 17
83 95 48 1 43 181 9 217 58 47
112 138 113 38 70 113 126 65 202 171
94 127 31 133 269 67 136 67 64 180
30 191 24 263 59 28 41 98 9 34
28 112 151 23 200 58 76 87 25 102
10 83 30 242 89 3 233 138 68 95
131 23 18 2 20 21 15 122 245 23
86 28 80 30 88 229 25 66 6 39
116 20 40 19 75 34 13 80 89 140
233 110 82 24 60 110 20 13 0 71
13 38 166 64 204 113 75 94 21 50
61 79 89 32 189 120 177 28 194 8
134 71 15 65 110 15 126 178 22 16
22 123 7 90 35 12 134 33 3 165
14 73 120 78 7 20 172 206 234 99
0 234 116 43 58 83 10 5 13 85
33 19 1 28 89 66 13 195 213 54
172 55 100 115 184 195 178 80 196 23
9 253 24 159 119 29 107 31 54 135
87 100 104 28 171 11 206 4 22 57
284 48 155 225 187 99 60 37 26 189
53 290 177 170 26 209 72 55 118 59
61 7 25 28 108 53 240 11 34 30
140 20 170 23 18 52 258 92 46 89
31 143 95 5 66 113 131 56 53 148
102 97 131 79 276 77 67 116 76 209
226 66 6 82 235 147 69 50 32 214
67 32 192 39 81 61 172 65 204 35
83 137 150 207 161 163 60 39 112 9
151 17 45 115 156 38 26 48 52 106
185 265 8 163 93 8 198 128 35 1
195 22 38 108 189 14 93 173 1 189
81 51 171 156 30 76 91 60 69 150
42 152 44 173 114 144 11 91 189 88
80 157 119 124 10 51 83 187 33 198
63 1 7 65 40 50 214 4 99 58
66 10 56 102 63 30 15 19 94 65
42 9 224 10 15 52 75 71 57 173
170 135 130 110 6 88 95 23 119 47
49 25 40 109 30 132 17 60 139 32
27 117 101 8 18 124 220 164 206 148
51 133 170 2 42 4 15 175 213 114
138 68 171 125 66 56 150 57 244 123
226 3 15 108 24 31 221 197 37 109
17 83 8 239 149 22 191 61 9 136
267 5 246 40 231 186 2 107 201 159
73 175 25 247 77 97 81 216 246 28
10 140 161 11 156 47 232 70 125 80
52 29 188 40 200 65 33 187 91 163
41 30 125 32 153 58 186 84 14 178
15 58 136 119 59 46 172 121 69 72
0 148 11 152 68 104 200 35 55 192
141 28 93 86 194 6 154 204 204 200
98 180 113 36 31 141 49 11 123 202
46 42 27 126 16 119 98 183 114 78
39 44 119 44 99 0 200 42 71 59
47 206 68 96 76 67 272 13 28 36
167 115 4 114 68 257 125 80 43 31
138 145 79 69 11 114 108 149 87 2
73 193 207 16 37 263 208 36 176 31
15 165 105 27 191 142 114 225 7 133
72 38 140 62 21 31 52 156 112 214
117 175 3 34 118 51 221 160 134 41
194 23 101 210 67 135 220 91 41 40
5 63 251 140 15 76 96 65 45 224
164 0 75 65 181 36 58 40 128 130
87 145 38 107 108 107 130 4 83 53
173 97 43 0 38 8 146 196 48 175
208 93 76 19 154 142 125 10 57 284
60 104 150 55 13 168 187 56 34 199
172 97 214 62 49 28 255 228 83 223
64 32 76 203 97 159 84 140 34 26
117 46 141 86 171 268 32 19 202 19
102 212 26 109 52 27 67 45 136 84
134 37 81 42 161 129 51 12 19 19
170 106 96 75 215 15 45 239 229 87
12 108 46 240 103 7 51 76 139 28
10 114 87 81 176 81 130 70 39 26
125 21 14 159 192 174 137 245 96 123
196 187 229 15 139 264 6 29 259 86
99 208 10 29 43 97 47 279 85 123
45 23 39 35 50 112 105 239 150 157
68 129 21 216 89 16 17 87 129 186
103 111 155 134 232 10 195 111 106 41
17 49 91 145 99 7 252 1 103 129
113 29 56 62 41 21 73 59 223 141
46 77 204 30 67 125 148 85 99 5
254 32 118 168 59 86 169 48 22 46
14 9 89 26 15 10 43 34 27 111
175 93 147 5 7 157 34 12 26 191
152 127 169 96 151 195 122 33 94 62
5 79 153 77 49 20 38 206 231 254
109 146 136 82 213 40 92 19 51 53
70 72 47 133 177 5 66 49 40 83
124 53 122 2 139 202 109 232 118 71
198 28 59 31 76 27 192 239 97 172
170 196 190 10 50 109 52 145 70 123
70 12 71 101 41 177 264 5 253 24
26 38 219 198 131 154 72 52 9 99
52 22 63 62 47 283 51 126 37 54
14 94 29 216 285 118 3 104 12 67
131 39 118 192 170 76 70 110 152 91
22 34 122 34 28 285 233 76 264 205
106 219 104 146 59 40 131 192 2 123
23 162 158 160 133 4 112 58 140 62
187 135 72 91 206 117 203 255 50 198
35 215 161 83 18 139 103 25 233 82
190 13 84 41 249 35 245 50 146 207
214 12 87 133 31 63 130 32 16 12
78 107 4 0 229 56 226 100 168 159
136 159 43 93 62 163 155 13 233 160
258 34 10 149 73 252 92 256 9 160
247 49 36 80 91 67 27 14 159 260
44 166 88 104 53 75 185 121 95 132
124 34 135 269 75 37 81 121 169 33
164 29 152 34 82 85 1 137 225 42
69 28 88 248 4 45 211 19 241 40
0 34 88 35 184 121 125 6 110 124
55 43 216 71 163 23 54 120 115 74
89 238 95 181 106 139 231 57 195 29
68 192 117 105 55 104 203 57 118 109
206 285 292 286 120 130 296 81 298 176
189 246 242 148 58 285 295 264 132 285
222 275 257 277 194 208 262 68 182 134
281 80 287 252 147 287 191 156 155 287
258 244 287 269 97 167 89 154 135 163
172 36 280 236 96 235 54 178 179 170
230 288 143 230 288 255 166 262 153 278
167 289 287 256 222 268 135 187 225 281
167 268 56 152 248 209 176 90 216 278
91 266 41 249 121 141 170 56 105 258
289 242 232 134 145 181 44 170 133 298
232 288 166 153 240 244 246 240 274 55
158 288 155 138 120 298 197 119 288 104
144 163 222 96 173 260 231 247 199 187
41 266 264 216 137 156 123 252 261 283
232 240 225 297 37 229 172 51 125 169
263 175 127 59 227 45 128 69 145 233
140 110 163 287 73 172 185 182 286 99
97 188 211 162 219 178 179 84 109 299
196 198 179 179 214 299 152 282 99 215
51 142 291 263 122 201 239 257 270 192
282 119 97 223 299 206 250 138 213 101
247 203 293 297 113 276 299 280 245 172
220 202 286 226 271 276 230 126 242 195
276 104 136 194 209 285 244 214 293 213
282 179 153 266 138 51 282 215 180 190
297 32 230 157 143 91 83 269 293 257
298 123 223 130 245 215 139 42 101 235
102 202 108 217 149 247 161 234 283 178
163 184 272 152 252 162 228 76 86 173
233 142 248 186 298 81 117 234 202 113
292 159 292 268 100 157 194 229 280 179
215 253 189 212 122 213 280 260 282 268
249 224 222 128 96 287 47 226 265 131
193 142 246 189 45 199 289 257 220 151
65 198 242 226 19 289 167 220 213 119
134 270 180 94 247 247 261 109 250 255
124 29 26 230 291 221 196 279 154 179
275 211 277 242 159 212 253 115 249 244
154 260 278 238 189 260 252 191 95 144
139 265 47 85 272 214 120 214 235 154
203 65 80 192 156 203 255 287 235 98
284 163 270 186 93 275 279 142 194 206
178 219 153 176 184 293 218 215 189 83
159 186 245 253 273 87 272 299 163 107
283 246 149 168 294 70 165 74 202 286
259 177 123 217 210 265 221 84 259 238
263 70 232 16 265 169 174 299 164 299
205 259 187 38 213 185 131 273 223 221
236 108 169 194 154 187 280 194 295 231
214 274 124 244 175 244 285 279 80 232
296 227 179 278 277 140 145 145 43 65
189 249 91 230 164 203 142 37 195 288
174 111 97 142 90 281 126 115 263 250
224 192 49 295 154 197 285 213 165 257
263 287 238 211 225 291 292 219 228 202
139 296 226 297 161 191 217 231 250 115
185 120 202 140 295 175 83 236 255 171
240 183 289 102 195 257 144 229 197 289
139 179 271 193 295 79 98 261 232 225
219 101 168 93 285 80 133 176 207 232
295 185 248 127 199 147 280 109 191 211
268 198 167 151 138 289 158 82 292 299
237 159 237 297 76 106 292 201 153 143
235 230 89 293 289 220 189 299 155 275
244 81 131 128 266 108 277 99 264 281
271 271 283 161 218 118 298 242 235 233
192 151 264 100 260 208 179 216 116 156
195 282 101 176 112 170 129 69 169 263
115 232 212 284 200 299 179 248 180 234
295 270 231 106 264 224 131 167 286 226
288 242 296 228 193 268 265 296 289 83
163 159 139 224 208 257 251 242 258 279
248 250 225 254 137 97 149 105 152 202
243 76 227 135 29 215 274 90 284 115
246 122 268 271 248 284 106 56 249 214
262 134 283 244 184 167 232 228 103 243
262 123 264 151 210 203 196 89 221 211
215 63 64 294 95 277 246 220 242 189
264 145 272 155 253 284 296 125 175 259
247 190 210 214 122 291 261 89 185 276
279 282 163 9 258 290 63 209 237 185
84 250 97 239 209 146 72 223 243 47
150 235 143 238 255 181 205 268 119 276
263 240 82 254 283 278 212 154 231 69
280 248 240 158 155 245 143 199 221 259
259 278 81 277 175 195 100 54 257 122
151 299 150 219 251 199 159 157 220 97
297 223 106 201 217 224 155 161 243 276
163 264 135 49 261 181 193 92 193 236
262 218 191 216 38 131 245 261 266 178
287 125 175 165 161 67 158 292 242 113
271 237 124 259 282 162 121 147 196 196
36 219 212 299 252 238 49 136 296 256
100 157 297 280 291 253 41 264 253 229
138 237 283 102 263 274 54 286 126 155
128 284 263 292 252 181 151 105 246 67
296 124 69 233 253 145 274 270 156 131
169 295 293 141 280 239 236 179 188 110
263 162 241 160 128 167 100 244 96 228
217 242 168 277 275 293 237 295 189 206
289 273 95 293 227 208 238 41 205 136
126 207 56 211 227 235 227 234 241 251
288 242 282 133 166 210 254 284 151 256
131 234 91 191 203 73 248 245 165 206
207 147 153 191 183 255 206 220 126 279
182 272 90 237 299 216 134 291 158 153
118 281 279 64 166 218 299 197 11 242
251 214 267 90 260 144 90 199 55 258
183 296 206 218 150 259 190 216 121 157
216 227 242 135 184 240 26 205 276 208
204 263 150 78 250 287 283 167 131 285
257 293 48 101 86 253 195 178 252 257
162 228 142 219 167 285 205 149 171 220
218 255 153 248 225 152 274 244 229 246
284 203 203 122 286 203 243 261 221 266
91 263 75 180 159 255 195 176 101 258
189 224 253 222 212 252 241 259 271 115
225 243 238 171 263 117 272 227 270 90
185 275 75 271 218 225 119 188 280 236
265 190 280 249 217 221 226 143 272 102
226 94 157 297 74 223 180 293 252 97
275 296 267 213 144 109 186 297 244 152
70 177 176 263 136 87 102 251 211 296
158 192 269 282 255 155 206 252 141 134
205 206 173 107 36 87 292 156 138 90
270 204 165 273 156 180 73 231 256 83
140 276 236 212 255 139 299 202 296 243
239 256 295 52 74 274 146 152 256 285
269 85 221 254 257 98 268 206 12 218
59 299 142 243 112 232 155 276 296 296
140 76 135 271 195 67 264 139 232 129
33 201 203 299 274 264 274 222 275 74
252 124 267 219 205 274 272 218 73 141
233 153 202 79 135 262 44 133 291 105
90 192 120 196 232 171 235 176 298 219
124 126 50 233 126 255 65 136 248 233
173 178 93 135 256 173 143 227 217 236
101 240 221 178 231 294 248 257 219 196
247 156 137 220 275 210 243 282 259 189
24 156 87 149 292 220 143 164 278 242
80 189 277 224 216 217 255 108 220 275
6 224 164 208 112 214 297 197 258 247
21 108 284 223 90 289 296 264 138 209
70 231 261 176 276 297 283 267 144 9
98 114 61 284 267 160 173 137 236 196
195 136 284 73 275 143 256 269 280 265
146 232 211 237 124 270 236 166 186 177
17 151 221 270 195 187 227 241 138 215
88 36 279 166 168 180 85 222 284 272
135 201 276 237 220 208 193 225 134 172
235 60 207 67 229 203 253 242 280 83
260 204 122 15 220 257 170 260 289 73
158 218 288 294 235 233 180 244 138 255
265 246 133 204 298 174 191 145 277 285
226 50 147 223 217 292 144 288 184 220
273 235 296 56 275 149 276 262 238 219
113 38 244 295 138 151 95 253 164 71
201 252 273 114 240 144 221 239 200 245
199 268 254 159 204 212 239 250 173 172
207 299 156 249 277 241 186 282 182 217
158 107 260 99 184 35 144 175 210 144
176 142 279 47 82 99 176 281 269 213
144 229 124 61 53 202 190 287 184 218
204 146 142 156 174 297 127 202 30 248
240 282 240 137 296 215 181 87 285 258
287 203 267 292 286 259 195 73 297 271
188 298 239 176 80 218 101 253 223 282
296 243 122 79 299 278 126 144 132 267
165 284 211 245 193 259 62 205 65 115
24 214 259 160 230 28 167 214 81 282
119 131 176 147 269 287 227 243 106 91
176 199 79 132 279 263 217 220 67 269
265 263 237 238 152 299 209 195 267 125
58 56 63 245 253 255 265 281 296 231
146 282 151 251 255 185 220 184 272 55
242 159 221 174 107 250 283 287 169 293
131 247 196 299 248 237 230 169 139 96
258 266 243 275 232 244 199 154 177 113
282 100 135 112 201 265 273 261 273 288
164 198 197 168 228 164 212 274 296 283
260 212 221 186 281 172 191 105 255 269
241 290 149 291 118 98 97 208 75 89
105 177 258 281 218 77 226 173 121 206
216 242 267 290 217 70 240 229 290 139
186 177 118 264 85 236 255 168 253 120
178 34 152 112 116 261 136 177 163 55
215 263 139 115 123 272 74 229 213 273
248 295 134 97 72 250 185 176 164 81
67 253 287 243 213 136 282 125 153 187
116 290 210 285 298 289 216 231 296 287
202 249 224 226 191 297 263 179 159 236
251 173 233 167 214 110 199 197 109 240
270 164 175 97 206 216 292 224 288 250
31 297 160 162 85 115 52 203 175 107
292 68 222 202 129 282 277 200 281 130
245 202 185 168 284 259 231 253 220 257
24 288 54 246 155 121 235 184 177 157
194 248 169 118 297 122 289 265 225 209
297 205 221 243 249 228 105 147 209 259
60 292 253 178 113 285 147 260 172 251
209 17 183 291 152 289 258 128 143 295
209 35 297 229 79 104 298 281 108 123
84 146 106 31 259 167 182 124 184 167
253 99 182 272 294 282 114 264 135 230
291 68 226 92 235 258 75 228 139 283
233 33 253 102 230 248 250 257 290 128
215 295 261 216 211 298 81 267 168 287
234 244 170 191 230 117 162 191 129 233
254 293 165 214 160 14 256 263 255 179
294 92 98 253 276 175 268 182 61 257
248 132 299 276 53 267 271 279 278 178
274 297 186 273 253 146 24 238 227 173
235 157 234 210 247 263 135 268 201 203
91 115 136 213 48 125 224 183 224 178
182 197 145 159 208 98 64 91 185 117
61 138 282 288 93 284 136 91 138 256
181 248 189 143 119 101 294 96 246 297
139 274 244 135 114 168 281 84 167 175
250 260 256 124 281 245 233 248 229 231
236 139 288 110 116 24 156 290 274 179
162 203 270 182 95 186 175 131 263 272
263 100 246 155 44 148 278 288 171 281
208 177 121 259 207 105 237 159 251 296
297 111 269 181 278 216 14 280 255 159
115 292 239 270 218 145 293 232 262 295
135 298 189 266 206 78 232 182 138 247
75 142 250 294 254 200 298 281 123 235
297 100 276 93 235 267 220 99 19 205
272 222 171 157 190 186 252 150 137 219
140 176 25 238 263 134 211 151 131 255
261 239 127 175 242 251 212 278 296 238
177 231 223 218 173 259 76 103 220 259
271 118 36 288 151 203 195 213 214 132
177 264 287 157 106 69 261 272 192 182
265 273 94 159 111 136 275 97 255 286
190 168 207 249 184 266 275 252 208 225
295 182 209 78 35 132 180 186 229 76
284 206 243 275 103 264 224 222 199 279
260 203 185 240 292 242 214 241 284 223
233 123 154 260 273 161 132 236 122 246
227 217 111 44 288 161 230 174 277 57
256 138 182 289 141 297 256 136 264 58
83 232 283 153 140 216 114 299 61 285
184 246 147 71 194 116 226 107 237 169
206 175 237 218 187 126 298 196 197 255
203 104 259 263 126 39 259 295 123 286
244 182 253 19 225 220 294 182 67 296
248 218 262 150 188 218 266 273 279 285
210 242 272 255 123 265 262 271 166 274
215 236 80 225 172 270 194 214 44 48
269 249 157 125 190 279 231 184 271 248
128 272 215 191 241 85 159 288 279 112
277 39 103 106 169 174 235 273 72 269
272 139 214 214 287 150 235 264 257 154
115 154 294 265 159 148 191 213 185 188
65 270 244 224 260 246 194 142 105 213
224 235 35 167 256 246 266 297 169 259
214 290 271 77 297 273 249 179 299 249
195 211 176 193 50 252 124 281 217 163
116 253 219 227 143 270 163 250 273 272
128 230 292 223 106 44 224 99 151 220
232 197 161 200 278 105 270 280 128 199
177 50 106 205 110 111 299 266 243 139
207 49 97 263 289 126 278 119 230 288
149 267 234 48 287 229 177 195 109 117
266 253 165 202 102 228 296 108 286 245
144 241 103 34 137 180 293 151 222 186
245 225 179 142 124 201 280 188 139 265
212 173 215 124 215 212 206 132 178 82
276 118 190 212 204 181 299 258 290 259
176 272 204 120 284 123 254 266 243 287
74 274 79 237 240 200 70 132 206 270
236 157 288 43 160 244 280 273 202 181
198 44 229 188 82 212 294 240 175 194
220 223 226 68 176 247 105 211 237 171
191 259 100 173 251 181 293 76 253 49
260 189 245 281 221 242 133 99 206 140
279 258 215 289 256 289 273 130 174 112
226 263 120 292 299 242 30 298 181 151
247 165 295 223 222 81 213 206 204 197
222 81 298 103 298 296 254 267 268 228
117 297 280 208 281 170 168 196 81 140
99 264 237 201 289 13 193 220 287 247
265 236 263 124 286 299 210 286 68 227
52 262 236 138 43 185 251 49 290 159
265 177 126 62 286 69 285 133 265 216
284 222 227 207 210 167 195 268 38 144
132 278 206 75 271 208 231 165 217 285
181 186 247 187 278 191 205 191 294 229
278 142 12 194 128 260 265 280 279 183
282 222 201 263 98 142 51 51 191 260
297 239 194 275 188 105 187 250 189 283
150 279 156 297 213 202 191 228 225 213
266 142 226 64 295 89 252 242 280 291
228 93 285 271 101 98 277 231 257 290
181 51 235 149 191 149 147 66 250 157
171 284 285 251 174 87 162 252 216 236
243 288 264 194 260 280 295 96 273 252
102 220 140 270 179 144 291 175 209 188
