300 10
224 123 143 8 72 143 78 65 128 27
63 179 181 103 8 34 185 24 34 119
164 259 117 153 31 40 164 21 32 28
186 75 24 213 1 48 40 140 5 73
168 44 48 195 19 128 17 234 130 25
141 121 9 10 31 157 31 107 232 198
148 34 110 41 38 248 198 94 70 13
221 82 76 29 72 115 68 75 234 71
19 122 12 229 43 70 5 16 244 70
28 83 122 44 220 172 18 135 3 136
158 0 215 64 124 48 79 17 123 26
220 4 114 104 157 70 85 71 83 220
196 23 23 55 107 40 17 48 86 28
256 7 81 183 172 47 75 100 13 99
195 120 55 95 117 30 51 72 239 24
53 78 35 51 124 24 162 177 183 80
57 84 70 152 74 104 83 115 167 9
157 232 148 101 10 234 82 44 46 159
158 132 235 176 124 26 28 172 253 86
61 90 116 32 21 89 287 258 234 40
198 31 24 5 102 112 22 111 26 12
50 40 33 177 201 4 31 46 75 134
5 155 59 120 176 27 33 15 150 20
148 45 131 179 160 2 88 144 127 148
123 164 193 48 43 98 41 160 163 9
113 134 48 1 138 134 36 46 13 7
43 36 26 80 42 123 100 127 5 116
20 3 228 146 37 130 106 187 57 30
48 51 108 167 201 65 19 46 12 238
71 16 69 160 53 188 14 256 6 101
147 148 23 76 42 212 35 173 16 13
24 53 213 82 24 25 4 155 43 0
153 53 1 1 132 22 165 99 62 169
63 9 35 1 151 246 90 47 83 209
20 54 163 28 160 95 173 82 141 148
1 47 226 201 103 230 26 116 186 1
10 97 60 127 1 125 78 175 50 5
53 205 90 115 32 28 172 81 34 22
55 1 55 135 46 52 42 265 54 64
29 136 134 33 108 31 134 36 21 157
144 53 162 34 65 14 48 273 19 23
99 120 239 52 41 235 62 140 19 0
51 112 215 190 92 47 198 41 15 213
109 161 67 189 133 151 43 117 5 143
42 38 12 107 199 100 127 29 164 2
119 169 44 259 83 209 124 121 93 1
69 30 143 25 90 187 30 98 18 91
68 65 123 51 81 19 240 66 23 160
28 27 6 84 119 158 64 28 141 12
164 48 243 10 36 8 147 84 17 262
96 49 116 59 3 9 98 108 14 208
3 7 240 18 86 16 51 220 158 222
197 178 21 43 56 88 104 140 148 143
119 190 66 40 245 95 116 106 53 157
66 55 92 105 91 50 50 96 2 137
113 243 80 89 110 179 158 5 177 40
19 71 24 188 66 187 14 167 235 4
65 187 104 27 28 113 30 127 119 143
124 114 29 12 39 40 73 85 161 26
80 180 230 103 213 53 197 188 265 10
108 68 90 50 44 141 163 182 206 68
104 112 12 29 10 6 64 255 33 29
37 147 5 58 118 51 155 46 195 8
144 86 206 72 291 47 54 69 138 81
42 43 9 175 57 136 164 69 4 47
61 123 26 128 70 182 234 1 57 28
77 61 115 55 83 45 71 40 54 31
30 10 21 167 49 158 162 55 59 36
102 60 40 3 298 30 177 7 135 18
95 5 280 137 149 110 63 25 163 2
203 159 112 232 64 83 14 105 26 66
165 114 62 66 46 13 26 125 184 69
26 235 23 179 243 245 236 82 151 85
166 69 112 188 108 15 5 170 270 27
65 65 244 60 23 21 173 122 14 4
30 12 15 139 120 16 109 134 72 102
105 27 3 41 13 198 61 55 160 15
95 83 248 57 18 42 151 121 57 59
87 185 29 12 0 164 14 20 84 2
209 36 184 98 70 55 197 18 45 187
199 57 185 72 195 29 204 171 45 6
99 44 147 63 2 87 67 111 186 105
41 74 266 226 82 41 286 17 174 56
138 33 30 162 143 17 54 7 0 3
74 85 110 189 85 67 14 99 42 142
3 5 182 143 166 217 174 126 138 125
83 116 45 63 51 96 44 47 1 24
121 11 107 124 61 251 192 66 41 129
95 171 81 65 0 12 46 46 192 135
21 130 68 101 14 56 39 20 24 283
78 13 67 16 90 128 74 175 172 26
40 11 4 140 49 112 143 78 163 32
175 13 134 238 177 25 68 31 34 146
88 123 61 141 56 91 57 106 116 141
27 169 51 238 86 91 37 71 183 6
121 157 83 42 216 112 37 206 197 11
52 152 13 128 146 71 128 91 116 36
34 98 27 11 230 55 16 138 95 79
52 170 96 61 72 23 37 199 3 34
71 227 184 238 140 107 5 119 27 117
55 31 90 176 94 81 8 32 75 234
33 14 15 211 92 85 81 132 120 36
12 167 239 105 124 49 57 43 54 201
97 16 73 20 105 102 130 64 5 94
130 250 37 97 50 1 288 130 46 123
150 110 233 93 275 86 116 142 35 3
196 68 120 172 36 125 140 219 270 1
164 147 62 106 141 40 14 116 114 57
212 165 66 35 94 132 195 35 35 5
193 17 107 31 124 226 255 31 100 35
47 11 115 17 130 30 130 15 52 113
161 24 110 63 214 5 102 185 174 123
207 67 63 96 154 174 121 79 90 102
148 143 15 76 0 139 219 46 92 165
37 109 39 111 78 86 90 98 43 50
180 7 82 225 206 99 114 69 40 63
184 170 144 267 76 21 18 62 10 36
212 27 115 287 62 106 37 12 205 252
46 39 81 0 114 119 35 146 17 118
70 134 226 27 41 15 16 29 4 81
47 185 81 141 116 30 221 188 47 92
182 11 13 207 247 268 27 31 143 214
8 10 186 15 48 137 107 72 133 31
20 78 54 70 81 122 53 2 71 128
23 236 27 285 38 27 108 69 109 165
6 63 151 125 73 185 125 28 14 221
121 74 5 3 175 36 145 124 72 144
203 160 21 170 208 33 31 167 16 120
36 266 200 77 146 266 249 221 91 76
6 23 78 86 199 9 89 131 111 112
63 133 64 45 154 124 167 10 40 142
14 17 220 208 66 149 17 70 43 173
141 2 19 60 77 84 41 85 199 255
62 18 37 208 149 128 134 12 79 81
81 67 214 108 211 41 292 25 164 160
140 49 145 14 11 249 234 123 73 38
16 64 26 121 236 75 217 0 192 157
79 100 186 57 73 53 31 126 112 118
163 264 25 64 83 31 24 191 38 190
90 82 199 54 27 61 58 57 103 120
224 171 14 128 119 202 43 162 102 198
249 88 103 66 124 113 121 61 180 127
75 243 63 121 142 118 237 21 109 143
68 214 171 120 7 101 3 180 143 11
146 94 35 64 100 258 110 175 128 48
33 23 193 146 206 200 255 66 23 278
145 79 145 116 3 237 246 55 144 78
150 45 147 63 294 153 189 136 68 226
188 192 55 153 36 216 105 124 131 259
60 66 42 24 192 83 73 78 167 35
61 187 129 5 49 57 129 17 216 4
61 95 243 143 150 223 248 152 19 58
155 1 142 247 113 84 111 67 17 141
205 64 40 130 98 231 56 27 112 203
156 82 68 134 5 47 140 182 93 189
58 47 133 148 10 45 148 89 196 18
32 116 144 100 252 65 148 76 52 109
33 155 40 97 23 214 55 231 8 282
47 74 155 85 131 73 158 20 54 21
50 139 52 62 7 110 47 5 111 161
79 236 95 284 38 51 116 99 17 154
258 241 202 100 284 84 3 49 63 43
51 53 129 44 61 2 12 177 17 158
18 46 127 31 177 112 76 35 5 134
121 29 49 32 97 69 178 186 75 244
6 19 92 30 3 6 57 137 61 214
10 177 84 15 12 0 216 2 168 138
111 204 211 5 189 187 21 74 109 27
41 39 81 171 10 100 33 196 258 39
82 132 156 124 85 214 74 246 164 83
43 11 41 4 42 129 78 111 148 70
133 235 35 25 85 86 58 62 135 42
25 35 74 15 99 171 110 29 89 190
6 158 14 11 3 121 155 64 268 73
120 2 247 49 63 172 250 64 187 35
58 101 16 71 51 7 140 118 111 14
65 8 24 39 33 54 82 95 33 103
260 129 99 38 245 25 15 181 259 152
30 152 70 245 51 137 141 69 25 176
139 26 128 49 153 54 61 182 39 39
172 102 264 180 147 94 234 28 173 66
201 101 201 279 95 31 220 259 56 86
2 131 263 211 164 11 95 71 119 23
43 22 93 45 42 19 70 21 12 214
75 49 84 138 189 63 149 94 192 51
148 68 35 21 36 214 47 17 249 44
90 97 55 12 158 39 20 17 6 4
52 88 37 76 54 137 36 88 171 225
259 39 72 13 16 165 183 28 139 38
83 99 50 221 68 2 47 18 52 98
29 74 40 31 159 257 96 104 9 86
247 242 67 36 138 0 129 43 74 148
106 101 114 48 117 181 59 9 207 48
129 65 46 190 235 126 19 24 123 187
55 124 117 203 80 27 116 108 15 133
94 3 46 59 80 39 136 147 21 119
54 207 94 159 55 174 43 138 15 160
44 51 123 191 17 78 182 20 207 159
34 3 41 22 103 126 171 188 242 17
157 140 49 6 9 5 15 9 140 42
145 54 13 78 10 57 11 116 46 87
28 118 99 76 226 25 69 183 123 133
70 211 76 146 94 46 4 63 90 183
18 5 15 20 167 175 139 120 54 62
24 242 74 28 0 50 66 5 170 54
15 182 59 115 199 69 42 146 124 2
26 242 82 50 81 43 107 65 234 130
11 108 145 33 245 24 183 27 163 34
92 194 206 22 92 59 127 1 115 26
9 13 205 87 62 162 51 188 238 148
161 26 4 34 23 141 160 254 154 2
26 55 37 67 16 64 127 57 203 133
80 112 59 81 85 20 83 113 3 32
100 0 239 230 31 34 25 109 102 185
186 235 218 160 179 33 122 19 35 79
20 67 141 95 46 100 75 102 169 32
127 255 87 166 42 64 84 183 22 84
130 38 48 123 140 133 218 32 257 22
43 119 58 178 17 32 153 107 69 143
197 17 111 42 150 11 16 29 35 272
79 22 105 12 25 69 252 92 6 144
238 47 11 213 17 118 94 40 43 223
11 57 95 64 75 96 68 98 1 10
144 232 52 41 168 133 26 69 35 119
17 39 165 50 111 77 62 167 135 134
69 69 22 27 67 175 173 99 47 0
28 68 175 174 39 78 85 39 78 28
19 84 181 71 121 91 155 159 264 93
84 129 240 99 29 167 252 6 51 44
244 55 17 65 90 87 142 119 55 200
85 33 31 170 96 19 62 42 104 63
40 116 22 226 98 63 269 48 129 62
155 37 121 157 35 87 231 5 156 150
30 38 46 156 33 165 112 165 240 50
89 124 231 160 165 16 185 87 78 98
100 243 39 41 18 148 6 42 56 239
45 105 14 221 93 22 140 76 109 103
234 25 149 58 87 5 4 2 95 100
75 121 21 76 95 155 131 145 58 206
119 127 20 23 141 3 10 90 3 116
23 95 89 142 36 198 148 162 83 83
73 102 227 103 183 162 67 96 109 77
50 22 178 59 87 83 73 38 105 88
1 97 101 224 63 78 88 76 210 191
117 51 186 172 148 131 122 125 73 125
83 1 69 125 190 241 4 49 112 221
29 7 149 66 54 94 52 186 240 20
53 45 21 106 164 3 63 95 35 63
111 3 14 39 61 113 68 168 147 131
24 35 89 52 109 168 114 36 82 136
150 90 157 154 127 172 78 0 189 5
132 160 101 283 198 194 81 52 18 135
69 39 265 95 205 100 1 33 118 76
172 34 0 73 155 12 256 100 30 183
65 10 101 83 172 39 73 82 170 69
17 207 62 59 252 64 86 147 156 51
99 73 83 131 249 245 54 1 116 112
186 18 48 126 61 267 111 141 32 150
56 143 26 33 62 85 95 51 180 147
172 43 69 142 14 170 70 194 141 51
6 25 152 115 81 3 185 16 19 22
136 100 80 138 52 62 0 216 93 269
120 270 273 45 28 209 25 31 5 122
114 86 136 27 96 2 22 59 225 122
67 215 54 83 97 75 47 102 63 81
30 57 30 188 144 196 56 65 155 186
161 124 71 108 15 78 30 39 286 11
81 150 216 39 196 0 156 85 194 162
83 74 90 69 112 124 135 244 251 91
211 30 145 140 26 164 7 150 31 26
83 79 167 86 95 48 250 218 179 11
152 130 223 85 249 18 11 110 3 146
119 127 88 117 94 110 97 28 39 164
64 91 13 137 2 38 143 21 211 97
26 53 108 181 37 40 198 213 32 29
24 101 20 0 83 142 71 114 38 141
65 89 19 31 104 77 45 54 69 106
201 217 96 60 102 24 135 45 2 231
172 40 54 86 170 6 43 23 18 43
23 203 106 257 209 95 111 88 40 104
20 188 131 46 119 22 86 57 67 7
192 24 46 142 34 52 97 58 135 61
86 79 239 50 136 89 21 70 95 75
48 30 129 43 96 36 113 116 134 19
52 16 19 94 87 44 120 30 221 177
18 240 2 69 14 74 32 142 6 67
215 135 215 122 203 87 95 11 40 111
91 81 10 212 26 73 47 271 7 162
34 54 24 21 212 23 97 74 6 49
43 8 166 37 164 227 39 114 60 49
21 237 98 13 233 50 152 135 65 207
13 183 128 12 58 62 10 21 67 48
7 4 196 47 113 17 87 99 31 46
83 248 128 24 110 53 28 31 76 162
11 88 284 120 243 103 125 0 62 123
77 63 169 69 127 168 162 170 81 98
81 96 165 85 184 142 199 79 145 54
11 288 31 118 133 71 11 36 2 78
148 69 32 264 271 214 69 184 53 140
6 73 12 74 116 9 295 57 141 25
225 263 196 116 246 146 118 245 152 221
239 219 281 270 119 163 208 74 102 174
201 283 170 211 78 245 216 287 166 102
224 104 39 251 237 283 77 287 50 113
207 210 97 231 258 272 244 291 143 61
258 240 219 207 264 196 77 289 280 243
201 91 292 235 129 256 295 191 223 141
258 230 103 42 106 229 94 290 273 197
162 292 132 295 46 147 127 107 250 296
281 218 270 91 224 232 283 262 28 180
213 53 242 100 165 93 285 71 214 172
250 108 227 216 214 103 268 273 85 261
286 157 206 287 180 122 243 190 259 228
264 291 95 261 186 227 127 133 220 188
279 147 151 244 216 159 157 192 264 293
56 118 200 62 130 141 207 198 219 169
118 286 204 234 184 202 237 195 218 74
194 235 297 104 39 297 131 67 202 165
196 208 250 272 202 35 234 298 272 181
104 156 211 125 257 234 291 261 283 103
251 39 172 128 184 298 240 246 131 188
139 71 250 276 245 284 253 243 232 244
281 233 293 229 189 44 112 228 182 200
203 147 284 210 232 215 220 184 299 179
286 283 203 60 95 281 133 272 185 292
294 297 83 130 178 149 273 137 79 170
246 184 254 242 278 262 128 153 80 152
246 250 229 218 281 141 141 249 254 65
177 183 261 191 243 116 78 145 27 258
287 69 150 241 121 210 261 259 269 291
285 154 150 201 199 242 257 202 214 102
126 172 299 271 48 166 79 225 262 296
270 271 30 233 135 168 182 189 73 294
160 89 198 230 187 258 119 151 214 257
193 262 169 111 266 231 229 108 253 186
190 105 275 265 226 296 163 195 215 115
43 104 94 175 210 256 127 237 239 152
132 278 150 264 215 185 238 188 148 201
90 253 81 202 255 117 167 283 140 175
244 170 245 220 138 190 166 98 201 241
281 144 260 288 68 218 53 282 281 71
217 270 265 287 276 241 121 183 20 208
233 173 273 232 157 121 231 79 100 271
144 198 162 284 136 247 185 126 202 249
60 155 119 172 264 170 238 105 251 61
196 200 140 282 297 274 173 223 181 86
79 226 250 184 195 194 189 227 107 165
197 71 253 252 272 187 252 89 24 273
133 121 19 121 120 169 191 91 286 138
284 183 295 41 272 98 234 164 44 264
236 194 288 213 5 292 211 240 251 227
251 60 245 242 220 35 208 267 285 295
296 256 136 51 163 231 178 217 293 177
127 243 115 192 273 140 186 188 53 214
264 57 277 198 236 160 278 263 195 252
169 247 211 95 281 218 284 261 188 129
146 251 198 277 184 279 155 197 245 18
265 257 107 228 105 119 97 206 201 237
133 282 141 216 40 212 215 211 182 115
137 199 276 208 242 87 290 287 278 177
194 170 249 237 176 148 180 226 287 82
234 284 116 145 99 282 169 259 78 75
241 177 159 106 163 183 279 207 263 114
254 291 224 254 292 274 241 147 192 115
163 263 137 222 151 142 217 229 91 151
226 252 229 220 251 188 284 222 91 243
254 294 157 288 153 218 157 60 240 146
62 102 182 248 55 260 168 225 264 237
263 208 147 283 299 201 231 268 174 251
263 31 286 156 210 214 92 126 181 115
262 218 221 266 139 220 267 154 81 133
263 149 291 218 121 232 148 190 189 164
216 295 112 272 272 253 236 253 181 170
268 219 227 234 226 94 244 299 293 32
120 77 250 239 69 145 269 283 15 9
250 197 66 177 298 272 173 151 172 146
235 35 115 136 154 207 189 124 273 65
164 177 261 117 181 95 242 290 73 144
294 280 231 101 266 296 38 130 216 200
280 191 270 226 126 210 283 77 147 208
212 245 244 189 217 234 216 202 58 247
258 251 253 289 142 182 178 269 209 278
47 179 287 258 288 53 297 93 287 278
213 90 221 264 154 217 270 180 181 264
257 112 252 261 112 74 231 256 64 266
241 113 215 186 284 270 176 138 255 216
191 199 293 172 190 139 251 258 137 289
270 149 200 143 207 271 244 121 235 215
210 244 298 282 284 288 244 119 198 292
83 220 202 209 168 92 174 111 268 288
181 296 241 42 117 211 227 177 245 193
132 299 298 227 247 241 150 231 224 51
181 278 144 248 259 103 296 281 261 267
214 140 263 185 86 158 80 224 223 251
29 280 232 292 263 203 238 115 289 115
158 183 297 133 270 267 282 221 294 299
167 192 196 129 199 236 234 92 261 133
46 117 158 231 255 222 234 256 106 270
182 232 236 214 193 169 250 295 95 298
154 290 261 260 220 261 106 153 34 226
226 44 297 259 125 263 19 97 246 263
107 132 186 221 164 279 159 299 259 203
221 181 267 150 174 269 223 87 273 203
280 241 92 231 150 175 170 181 275 146
188 260 160 154 97 68 292 229 52 153
230 229 234 152 280 235 208 156 151 95
286 270 276 265 139 220 230 246 288 286
207 270 119 262 155 240 196 136 206 227
282 243 190 69 109 268 248 284 77 225
206 67 255 175 248 245 257 202 270 113
72 228 264 58 140 99 167 92 247 196
292 291 237 277 292 282 150 238 211 136
251 257 174 159 182 242 130 244 129 162
174 188 195 77 259 140 226 257 160 215
237 223 121 156 80 101 112 170 205 72
201 221 152 250 254 214 215 246 83 87
191 234 283 275 95 49 26 272 132 192
290 27 232 297 88 129 223 85 275 275
164 148 254 72 218 290 112 207 142 192
248 207 231 35 124 59 62 119 130 237
243 246 208 298 139 173 276 208 101 95
281 214 197 228 268 294 241 70 260 253
199 271 244 268 242 145 203 161 290 254
231 179 272 201 85 180 247 242 92 183
206 281 30 291 130 33 277 200 133 173
215 239 243 186 231 194 276 64 130 235
189 137 57 190 243 158 296 251 111 211
207 276 43 226 284 216 184 172 76 274
226 288 246 159 259 277 264 296 134 185
283 156 109 221 257 222 150 247 207 241
278 243 288 113 236 228 211 206 109 266
120 224 296 284 194 239 51 115 164 228
251 252 52 79 79 234 137 200 267 294
83 204 283 230 230 240 232 116 286 237
208 173 257 179 273 170 295 201 185 213
232 210 191 32 17 249 247 279 234 157
95 193 53 272 253 156 240 183 251 180
276 277 277 116 256 198 279 167 190 199
167 278 265 227 256 69 259 230 214 291
144 125 275 251 147 277 274 197 153 175
247 298 121 258 200 290 133 222 108 199
253 203 168 77 299 163 234 91 259 201
242 273 228 161 281 171 246 159 189 192
282 289 289 213 205 112 21 206 287 49
146 188 37 175 170 298 127 249 282 102
165 41 259 205 212 202 291 86 164 299
188 102 224 267 273 295 295 271 280 127
284 149 229 155 299 172 224 276 90 233
278 295 83 161 85 287 250 164 144 265
71 206 44 234 295 252 260 120 231 203
241 243 242 103 245 275 253 211 236 70
63 124 278 206 159 243 292 190 230 167
195 69 184 294 285 182 271 97 224 171
225 223 238 268 122 291 90 115 186 227
192 224 101 275 124 298 186 259 248 201
100 280 134 259 86 102 199 266 267 288
86 146 171 178 255 70 294 117 180 215
148 255 130 98 252 235 253 284 61 287
217 74 235 215 263 209 257 224 232 189
77 297 54 247 244 117 136 221 131 298
289 296 298 299 137 272 119 128 192 197
292 242 202 109 295 263 296 266 241 52
293 173 231 122 167 200 169 294 72 201
69 277 267 46 243 215 84 247 73 297
198 153 99 243 209 186 243 281 195 269
78 93 107 223 112 285 238 172 287 262
259 250 179 117 154 113 292 282 289 143
194 204 273 89 284 295 34 198 277 170
166 107 203 239 250 238 151 251 279 191
140 275 183 284 261 274 286 289 245 162
197 256 227 156 272 250 106 283 218 192
252 239 103 39 134 93 65 283 141 229
119 106 263 245 235 248 215 299 275 220
76 276 221 204 173 169 248 131 288 211
147 260 267 259 68 184 258 290 257 191
151 193 234 255 268 193 240 295 204 298
97 264 100 183 221 291 185 295 96 242
299 279 123 74 276 96 155 207 273 275
158 200 71 254 70 237 145 160 275 212
232 216 298 223 155 253 170 190 168 222
202 239 267 271 236 259 256 83 203 98
256 248 280 298 123 127 227 259 156 282
172 222 282 250 284 266 132 125 249 119
263 283 235 59 56 107 84 134 16 238
187 86 128 188 216 65 221 202 242 266
153 217 287 124 85 277 197 48 297 73
291 298 151 275 295 113 134 204 273 48
70 191 103 103 255 140 94 261 176 273
285 240 206 263 143 173 288 227 239 209
257 242 97 287 72 161 292 72 109 115
288 267 209 276 287 269 204 269 52 206
256 253 216 41 276 146 286 215 209 296
228 293 135 134 134 299 102 147 225 74
265 255 204 272 279 279 73 154 290 229
95 228 195 271 233 100 119 113 246 175
114 80 146 289 95 175 266 239 206 161
192 217 274 212 229 226 173 260 259 265
245 54 270 212 283 89 191 234 232 267
94 12 195 274 237 294 228 268 284 277
251 206 138 251 45 249 22 168 177 282
227 260 201 98 209 207 186 262 156 264
52 179 180 168 257 219 125 245 171 211
246 224 250 148 212 97 96 191 190 253
227 215 231 112 246 181 151 299 298 157
165 280 246 99 46 93 85 73 176 218
94 199 110 120 232 195 168 217 185 91
35 266 243 261 227 70 159 122 266 210
103 254 222 122 257 226 269 70 181 39
176 292 209 27 255 86 186 260 161 258
247 239 251 155 206 289 299 271 279 232
282 193 133 205 48 170 293 293 238 294
78 268 295 150 296 103 268 144 271 174
125 236 297 206 144 266 86 121 97 56
266 67 285 242 236 92 35 110 281 297
255 266 296 194 199 102 268 148 71 112
240 87 283 247 49 291 256 231 258 135
231 288 107 181 129 95 242 192 77 199
236 126 178 278 274 202 220 243 257 166
195 212 114 202 223 87 210 291 151 250
288 24 213 153 173 295 76 207 121 282
286 46 116 211 142 193 260 291 270 264
243 193 129 264 66 170 132 57 79 234
208 195 245 109 227 154 242 269 83 156
199 255 177 229 188 235 49 108 97 205
107 237 187 128 221 271 229 215 289 239
262 107 206 32 230 197 183 107 128 258
126 287 177 259 192 298 221 96 95 75
191 204 294 119 129 203 287 168 290 289
170 206 249 177 105 223 287 122 159 113
294 283 136 281 105 284 275 244 187 240
295 281 110 256 175 234 213 213 203 119
214 248 232 297 196 203 278 74 152 253
253 104 238 176 291 240 238 277 271 206
165 142 209 267 183 268 165 282 285 200
200 228 278 284 211 90 207 211 96 171
288 260 147 284 229 250 87 72 236 243
102 238 209 224 213 209 208 258 184 192
275 84 220 245 174 101 38 244 190 109
248 273 211 218 101 246 145 296 264 280
243 263 105 278 243 181 54 210 146 185
40 109 126 250 132 296 200 252 93 245
110 143 283 252 292 225 235 243 158 112
263 79 291 71 109 124 223 103 211 179
128 266 130 288 220 288 268 110 242 197
267 129 215 234 278 269 202 232 255 139
221 31 205 137 296 241 9 259 129 272
116 101 250 273 207 207 125 227 270 179
77 295 106 235 188 164 278 267 224 198
212 291 201 162 122 256 290 195 174 145
225 63 281 176 139 260 239 184 92 220
253 106 286 252 257 237 94 145 221 98
276 216 259 296 274 242 135 282 189 230
278 121 270 138 238 105 44 51 230 130
284 141 129 168 293 14 278 164 197 259
160 183 282 281 187 123 179 217 253 87
106 224 157 61 259 90 88 193 193 79
153 93 249 138 252 280 147 231 138 232
229 161 142 299 142 295 229 150 89 288
276 282 94 248 69 188 138 170 209 199
287 201 229 157 264 170 117 200 146 189
264 209 158 121 135 56 189 87 220 243
244 103 143 210 140 152 55 243 231 294
252 295 293 97 30 218 65 116 83 281
126 95 186 47 227 252 91 221 239 243
241 250 252 139 267 287 230 156 266 148
180 129 165 266 233 213 76 124 169 240
185 296 215 213 101 82 295 87 286 227
262 264 239 101 260 130 299 236 259 252
254 86 227 178 254 167 166 291 265 225
230 298 161 184 237 187 73 163 183 26
114 200 284 263 245 56 267 275 259 78
246 292 226 152 274 100 180 130 236 213
251 207 167 282 175 221 228 32 133 235
276 130 22 267 80 123 216 251 217 129
203 123 254 274 296 220 253 239 156 242
250 135 190 154 272 256 246 212 268 221
115 174 46 172 140 240 154 77 167 246
257 288 142 189 273 101 208 141 206 296
265 209 206 258 222 273 246 94 241 109
241 275 148 288 283 116 120 240 254 136
295 211 194 299 222 182 141 198 276 214
228 188 144 146 107 213 255 129 146 234
102 268 241 158 274 240 291 91 169 193
87 192 215 188 158 236 297 212 210 94
183 69 214 133 100 181 222 174 289 244
229 266 224 233 77 206 98 296 149 239
268 216 287 129 224 95 126 274 109 252
215 265 137 229 259 236 251 273 95 176
136 234 88 168 218 230 142 267 12 254
273 48 182 165 186 298 277 148 110 131
42 243 294 133 276 152 210 253 200 283
243 266 208 262 136 182 62 94 123 149
225 13 239 97 285 292 227 291 176 187
214 280 238 231 121 105 241 98 159 239
169 105 296 203 297 266 128 238 162 164
141 104 264 116 268 246 213 203 294 203
275 286 190 206 192 154 262 103 225 108
14 296 251 280 149 124 207 130 262 211
223 240 161 299 273 285 141 283 228 292
200 152 28 154 134 79 296 273 263 213
