40 8
10 16 7 20 0 32 23 14
1 5 25 4 21 3 17 28
14 24 22 11 8 26 16 7
2 8 0 24 3 23 17 25
21 24 10 7 5 5 0 12
8 21 9 23 14 0 19 4
25 27 10 13 10 28 19 14
18 22 8 2 9 16 0 4
18 7 28 8 14 19 29 0
8 7 2 12 1 6 2 12
10 0 15 0 25 15 8 17
16 5 9 22 4 18 7 16
23 5 11 7 3 18 22 20
34 32 12 2 15 14 9 30
4 5 11 4 1 4 10 26
2 20 17 22 11 10 7 20
5 17 5 24 30 7 10 15
10 8 0 17 33 20 2 11
18 19 11 2 14 1 15 4
0 17 5 33 13 3 14 9
4 28 1 33 16 10 3 3
24 11 21 4 6 8 19 10
33 11 27 15 12 0 5 10
19 30 17 7 19 5 8 0
12 20 2 12 7 5 22 9
0 34 18 9 3 2 9 9
11 28 23 0 3 32 5 5
16 2 6 7 20 3 6 9
13 21 6 31 6 8 5 0
1 15 7 3 0 8 10 9
30 5 13 25 10 24 35 3
6 17 6 9 15 3 7 2
15 3 12 12 35 14 2 23
24 1 30 5 7 11 14 0
31 8 8 26 15 10 12 20
7 21 34 18 18 10 15 21
27 2 8 9 3 17 7 9
21 0 7 26 23 7 4 5
23 27 4 26 12 8 14 15
6 12 27 17 6 19 5 7
16 39 31 37 2 33 37 26
32 20 30 31 37 28 30 37
23 24 25 18 12 33 33 19
17 20 24 34 15 30 26 37
24 31 13 33 8 39 13 39
35 34 30 33 28 25 19 22
36 33 19 21 34 32 35 21
24 26 20 11 32 27 23 17
25 34 30 34 36 30 34 16
15 8 22 36 37 39 37 17
14 36 23 0 37 30 22 35
19 16 26 36 5 18 38 37
28 15 12 14 38 38 30 35
36 34 31 24 28 36 32 37
8 15 20 5 17 6 30 38
21 33 19 27 32 21 38 35
23 25 18 27 35 26 32 33
36 14 10 38 34 30 13 39
24 28 33 25 26 39 20 26
4 37 9 34 35 25 25 10
28 30 31 33 36 11 7 23
39 33 36 25 14 28 26 18
34 17 39 17 35 16 12 19
31 35 25 38 27 30 35 33
17 24 33 32 26 29 31 38
20 35 33 19 37 21 22 29
19 31 36 38 14 35 19 10
35 21 19 19 34 15 19 33
24 35 26 32 34 17 12 38
17 33 39 11 20 13 32 10
36 15 23 30 27 38 38 24
8 37 12 24 18 18 18 34
15 35 27 25 38 36 29 23
34 27 31 6 13 18 16 3
34 39 33 31 20 19 17 29
13 34 35 25 27 16 36 36
31 36 17 11 24 36 10 32
39 10 21 31 30 31 18 23
27 33 11 37 22 28 20 26
21 15 38 28 13 30 18 8
