40 9
13 10 9 30 22 1 14 21 25
14 0 12 2 10 17 5 6 6
7 16 10 5 9 24 17 17 17
18 6 0 0 17 29 6 5 2
4 12 34 21 0 5 3 9 6
24 20 1 19 1 16 14 11 15
3 14 9 15 4 1 11 36 8
15 17 16 6 8 7 34 19 17
27 26 3 4 12 3 28 1 6
1 18 1 9 14 17 10 17 2
10 0 22 5 7 14 4 22 5
8 7 15 17 20 5 20 17 1
19 2 9 19 30 16 35 1 3
9 7 10 6 6 1 30 13 1
17 1 9 17 0 35 17 1 13
34 2 3 2 24 22 23 5 0
3 12 0 9 10 17 11 14 25
11 23 21 2 10 14 2 5 27
13 0 16 15 15 0 1 23 3
22 16 0 13 24 13 0 15 16
27 7 0 1 16 17 19 0 4
14 25 24 10 3 13 15 20 2
1 0 5 0 7 28 1 14 25
23 12 12 29 15 24 9 18 8
28 13 25 0 20 19 11 19 27
27 11 8 1 24 3 10 10 14
12 24 18 18 0 5 0 29 14
11 7 19 26 31 13 26 25 14
7 13 27 34 1 19 7 7 2
32 26 17 19 16 3 14 0 7
25 3 24 12 3 35 2 5 4
8 3 3 19 32 14 3 5 8
13 31 3 2 0 25 2 13 6
8 19 22 35 0 25 0 23 22
4 16 3 8 26 5 4 17 11
16 31 13 3 5 1 25 5 11
3 1 30 39 27 12 2 21 2
4 9 3 9 19 28 10 8 5
18 25 14 21 15 5 0 5 6
16 2 0 3 0 19 13 30 5
35 10 20 38 31 23 22 36 28
16 31 35 35 27 24 27 29 11
38 23 33 6 26 29 22 28 20
18 27 2 30 21 38 28 20 28
18 14 36 32 29 12 29 29 36
34 21 16 28 7 18 36 34 30
35 36 38 26 19 27 28 36 22
25 22 28 33 18 18 35 31 26
28 28 31 10 30 16 29 27 30
34 31 22 24 19 26 24 17 38
16 37 26 20 17 14 27 24 26
16 39 27 39 39 13 34 30 15
24 10 35 30 38 31 39 21 5
30 19 24 24 10 22 34 38 11
34 8 38 34 17 38 20 24 36
35 37 12 35 29 25 33 35 39
27 25 4 38 21 38 24 16 36
23 32 33 37 22 19 7 21 31
32 26 22 35 20 35 5 28 19
22 29 37 34 33 21 12 34 18
31 35 23 34 37 38 29 13 18
17 25 27 29 16 30 39 29 27
22 9 27 0 33 32 11 15 38
28 20 34 35 24 37 13 34 26
28 16 28 31 35 20 16 36 35
27 32 12 6 34 19 39 26 18
17 30 27 20 11 26 0 29 28
19 37 32 33 37 15 28 25 29
18 21 28 35 13 24 14 13 36
34 28 18 37 17 23 21 1 35
30 28 25 27 34 36 10 31 32
31 15 21 30 32 15 12 32 21
37 34 5 12 15 26 13 18 10
28 32 27 36 39 29 39 30 25
37 18 27 22 29 23 38 19 16
39 37 24 17 25 13 25 10 23
31 29 37 39 30 21 20 21 4
11 30 7 10 39 36 37 26 38
35 34 30 30 31 28 21 33 8
18 35 6 11 8 28 30 36 33
