40 9
2 8 0 4 6 0 25 11 9
12 28 7 17 31 21 17 5 3
5 10 12 8 25 3 21 35 20
6 26 1 5 12 13 15 32 14
2 29 21 27 19 12 18 22 8
0 27 4 13 28 26 3 7 4
6 28 22 3 7 0 10 18 11
23 19 11 9 3 2 6 7 13
30 13 1 20 8 11 14 4 14
8 17 20 11 11 21 30 1 9
23 0 15 13 2 3 16 11 5
4 25 11 9 2 8 15 10 4
16 18 8 14 11 10 6 30 1
11 3 17 27 16 9 31 19 8
16 24 6 27 3 3 5 17 27
34 11 2 4 12 10 14 4 22
19 18 6 25 15 3 19 5 19
6 19 4 24 27 19 11 14 24
3 3 4 4 9 7 16 5 14
22 7 3 1 1 20 5 14 12
14 5 1 2 5 34 36 16 0
5 2 8 3 26 8 4 12 6
3 28 6 27 1 8 0 29 23
11 14 39 24 9 6 8 14 8
19 29 10 26 4 8 16 14 0
14 22 22 16 24 0 2 20 8
14 12 21 22 13 18 0 19 3
8 7 4 33 23 10 19 13 1
26 12 0 23 8 19 2 17 14
14 6 9 20 31 20 8 3 18
13 1 20 1 15 35 9 8 13
37 2 22 21 2 0 25 15 17
31 17 4 14 16 35 13 10 4
7 18 19 2 0 14 18 10 5
24 0 20 14 18 15 9 28 20
4 21 7 3 4 18 15 7 3
4 9 6 27 6 16 1 4 3
6 0 20 23 28 28 14 18 21
23 0 16 24 13 3 8 5 3
24 0 15 25 30 8 25 1 13
10 9 11 35 36 24 39 34 35
24 35 16 20 34 35 38 10 39
10 28 29 15 36 27 35 39 24
21 27 29 9 33 14 29 37 16
25 34 31 31 36 14 18 27 17
28 28 34 30 37 29 39 16 31
32 36 34 25 15 2 13 27 31
34 34 14 25 21 28 11 19 36
37 28 17 25 31 14 33 27 20
19 23 28 12 31 28 38 8 24
27 19 34 34 13 36 34 21 19
32 27 35 9 15 10 35 18 7
30 22 33 29 16 37 22 35 33
25 3 32 33 23 24 39 27 34
22 39 33 38 7 6 14 35 33
34 39 4 27 39 22 34 17 25
35 27 12 27 23 27 33 36 32
8 30 31 37 29 28 22 25 36
33 5 16 24 30 34 37 22 38
31 13 16 35 6 31 32 18 35
14 30 20 25 37 39 38 18 29
11 33 13 31 38 32 30 19 7
27 36 36 32 10 9 25 34 30
20 20 39 26 13 7 19 26 39
33 32 36 33 13 17 32 22 37
33 25 23 28 34 37 6 20 11
22 27 36 24 33 33 11 23 27
15 32 8 36 30 13 33 39 21
27 25 39 38 11 37 6 33 22
34 33 25 21 31 35 14 32 20
30 39 34 24 37 38 26 22 23
38 34 38 39 9 12 33 33 38
37 18 14 20 29 37 14 30 23
37 27 38 21 9 35 29 17 27
27 37 37 14 35 38 19 35 34
37 39 19 33 31 27 16 24 9
4 25 19 35 9 19 26 8 9
15 26 37 27 30 33 38 24 30
24 25 37 35 38 39 32 30 23
25 33 39 36 33 21 29 7 18
