40 10
13 27 6 16 7 0 8 11 2 34
2 3 9 8 17 38 13 7 2 16
6 36 8 0 3 35 9 28 17 2
27 12 17 3 25 6 13 25 11 8
17 9 4 11 13 12 7 0 11 11
5 5 12 10 10 14 19 12 11 21
21 23 11 1 23 31 24 9 9 7
13 6 1 21 8 18 23 6 3 23
13 14 7 6 13 35 6 2 19 2
12 11 15 15 27 18 11 1 12 17
23 4 15 16 14 18 11 7 7 4
4 11 5 11 1 17 13 4 25 27
4 13 19 6 11 28 9 9 0 2
13 6 24 0 18 8 10 4 3 8
4 15 9 13 10 6 17 17 23 13
31 19 32 23 6 6 8 17 3 9
1 18 20 12 23 15 13 17 6 26
16 30 28 19 4 2 5 28 4 13
7 6 19 5 16 10 10 18 2 1
3 28 11 3 22 24 2 1 2 18
4 5 17 11 8 36 13 21 26 12
23 37 9 8 4 37 21 24 26 12
7 24 5 3 0 2 22 1 18 0
6 5 2 30 25 4 9 29 16 24
4 14 5 14 0 13 26 8 9 19
8 25 4 1 4 0 3 15 32 21
1 24 14 1 0 3 14 0 24 10
26 3 6 24 16 17 29 7 13 29
1 31 19 31 5 30 7 9 9 9
25 11 9 4 4 18 11 22 7 22
32 26 0 19 4 14 17 7 18 6
17 33 22 0 19 15 6 12 2 8
38 6 28 30 8 19 14 20 19 10
5 1 11 34 4 8 8 1 15 9
21 18 2 0 8 14 31 18 23 21
16 11 7 12 1 38 4 6 6 18
20 10 11 20 3 9 21 10 14 2
1 9 19 3 9 34 7 23 11 2
6 4 8 9 3 21 1 13 21 15
26 14 1 33 4 38 32 7 9 0
16 37 7 38 26 24 13 31 23 35
8 16 37 32 37 39 24 21 25 32
31 39 18 23 22 35 22 30 26 13
32 25 36 30 31 13 20 28 29 28
25 37 9 31 36 26 34 7 12 11
9 25 27 23 21 35 24 13 25 28
24 23 13 16 25 37 29 33 35 38
24 17 12 37 11 39 37 24 36 36
21 21 29 16 30 38 31 19 37 11
14 23 19 24 35 19 18 32 39 26
34 26 29 28 37 38 15 28 26 4
11 30 35 38 11 32 35 39 28 33
18 31 23 31 30 38 22 28 27 31
31 32 25 26 19 28 23 27 16 15
5 21 22 28 13 35 29 20 25 35
39 26 38 29 38 20 33 22 38 13
11 24 27 16 34 24 27 21 28 32
30 38 30 23 39 9 35 39 37 22
19 16 39 18 23 29 31 22 25 28
19 37 35 10 22 28 2 38 19 31
26 32 19 26 29 37 27 34 34 35
32 39 13 39 12 38 22 36 36 13
24 39 31 11 11 8 36 4 23 8
21 25 32 37 34 34 25 31 32 29
38 31 18 32 20 28 30 11 25 23
15 27 18 33 8 29 23 26 35 35
15 28 31 5 2 7 22 26 34 22
32 26 35 30 25 33 31 23 29 38
1 36 22 34 17 32 8 13 18 17
29 18 24 37 12 30 16 30 24 34
35 27 37 28 39 34 35 10 20 38
21 36 22 21 19 24 11 25 18 33
39 8 31 30 35 22 31 24 26 30
15 38 19 35 14 35 15 3 19 16
28 35 18 1 16 36 36 22 29 33
18 19 34 23 24 39 36 36 6 38
23 35 17 30 17 22 29 39 22 24
25 34 20 28 20 39 31 33 25 9
21 29 19 20 5 29 1 36 34 30
35 34 17 36 17 39 35 37 10 17
