40 10
30 6 15 3 21 5 33 26 23 34
12 11 1 2 9 13 0 21 0 1
8 16 10 26 31 0 3 0 26 32
9 9 11 16 5 24 32 7 30 27
13 28 7 13 8 6 13 23 10 9
0 11 8 8 34 31 15 5 10 4
13 31 13 6 4 4 39 25 2 8
21 6 0 6 5 18 5 17 26 14
10 0 4 10 0 27 13 6 12 13
15 13 21 18 29 8 35 5 5 6
28 17 23 29 7 26 0 8 30 32
29 12 15 13 37 2 20 19 5 20
4 1 18 4 6 5 34 23 14 11
9 3 7 8 7 4 17 9 23 0
8 20 20 4 9 29 19 21 28 0
26 16 6 3 38 15 27 5 4 19
2 8 24 23 15 3 12 10 29 18
12 11 0 13 25 11 16 16 9 20
20 1 1 6 10 3 17 23 10 0
13 10 19 7 2 28 10 3 8 32
12 16 10 2 16 5 2 1 4 13
10 8 20 2 2 12 14 6 17 3
22 0 31 18 15 11 9 24 11 16
9 3 7 14 18 25 3 31 3 15
7 7 3 31 16 12 6 4 1 15
14 6 7 6 16 21 29 39 10 3
9 27 1 19 0 2 23 1 7 19
12 18 10 2 11 7 24 21 17 28
4 29 0 22 28 25 30 17 21 9
22 0 4 18 2 16 17 7 8 8
7 14 21 30 0 19 26 30 0 18
9 23 14 11 18 20 6 8 1 18
26 23 8 8 15 35 7 15 16 8
16 6 19 5 19 30 5 18 15 13
12 17 7 0 17 16 3 30 9 13
21 3 3 11 16 22 9 1 2 26
16 0 8 26 14 13 5 2 21 6
2 1 15 13 15 21 3 24 4 5
8 1 6 4 28 25 10 0 0 12
10 21 3 4 13 18 13 3 5 2
38 17 17 5 29 19 37 31 36 39
15 23 9 19 36 20 9 24 0 26
17 27 20 36 38 18 14 33 29 35
18 14 14 32 24 35 37 28 37 28
16 34 30 22 9 15 25 36 20 37
31 13 29 15 34 37 32 35 10 6
19 36 32 29 36 14 39 33 16 8
28 9 31 8 13 28 6 29 30 33
12 11 5 37 35 34 14 32 31 28
36 24 30 36 36 17 38 10 10 35
37 38 26 36 30 29 31 10 33 34
32 35 17 36 39 22 31 27 31 37
15 9 32 24 26 29 36 34 21 20
10 8 11 33 21 33 35 26 25 25
36 35 31 19 11 36 29 23 33 0
30 22 21 28 38 28 34 28 10 39
31 23 26 24 22 25 20 18 32 38
15 22 4 18 28 23 18 18 30 28
29 10 3 23 35 34 22 29 28 26
19 28 36 35 39 33 32 13 30 36
37 24 21 33 29 27 13 14 6 25
38 39 20 16 10 19 27 15 19 20
35 20 36 26 17 36 34 30 22 39
21 3 15 18 36 39 13 38 9 31
20 21 32 33 23 14 15 30 31 25
22 15 30 19 17 39 38 39 14 4
17 30 8 23 22 26 39 22 8 23
14 20 29 34 37 12 34 23 39 35
4 31 37 23 32 39 35 37 27 30
31 20 26 34 19 16 29 18 9 16
39 20 22 35 5 35 29 34 29 30
28 24 36 16 39 26 39 16 25 24
28 34 29 17 36 38 35 26 26 33
21 27 28 6 27 32 16 32 17 34
16 29 29 15 29 35 27 36 15 14
25 27 21 19 23 28 33 31 16 33
16 2 28 36 29 34 22 10 26 18
17 23 29 18 39 22 18 37 17 18
35 6 30 34 38 36 17 35 11 14
19 34 20 26 15 27 19 33 13 4
