40 10
4 26 26 7 25 21 30 0 10 10
14 7 27 10 4 34 5 23 9 9
9 10 29 7 15 10 18 3 20 15
12 1 1 12 2 4 0 12 9 11
26 25 16 19 5 9 16 19 33 18
0 37 5 12 19 10 1 13 9 18
21 37 5 6 12 32 26 13 22 4
9 1 21 4 12 4 4 16 4 5
17 15 7 3 3 12 1 30 20 10
0 0 5 9 26 19 16 0 1 14
8 8 19 15 8 17 8 3 19 0
21 15 8 11 15 9 24 30 25 6
6 0 17 14 21 1 11 34 7 20
8 9 20 0 16 9 12 5 13 6
0 18 31 31 1 3 9 25 23 18
18 1 5 7 8 26 2 12 6 11
0 9 12 5 14 3 0 6 26 0
11 14 16 4 15 7 19 2 1 25
11 21 10 22 19 31 30 7 2 11
23 36 2 15 29 17 10 12 4 31
13 12 3 15 8 2 7 0 13 15
20 27 0 1 11 0 10 0 10 16
19 12 20 29 5 6 15 16 17 20
11 0 0 33 19 10 2 23 5 35
1 11 24 5 26 31 18 6 2 0
6 8 13 10 5 16 1 13 6 3
23 1 19 4 19 16 12 17 36 1
11 37 38 22 1 9 21 2 6 4
13 11 36 17 24 1 12 14 24 0
6 12 22 10 7 8 0 21 13 23
0 5 19 11 29 10 18 29 1 15
20 11 4 7 8 11 28 8 25 1
21 1 15 4 15 1 12 16 14 15
0 14 28 5 3 24 10 6 17 3
13 5 11 0 31 19 11 7 19 12
18 18 16 20 1 6 16 13 1 13
12 16 19 13 2 7 8 35 22 12
1 29 28 11 10 7 11 1 19 3
19 1 12 6 13 24 12 9 11 12
23 10 4 28 3 7 27 9 8 6
22 34 38 29 30 29 38 31 33 28
28 7 36 15 19 39 18 23 27 33
11 37 29 37 39 26 19 29 31 34
17 15 1 35 20 11 13 13 39 19
31 39 21 21 32 14 18 20 34 21
37 37 18 38 25 38 16 22 21 37
24 38 17 12 23 37 35 32 33 38
29 23 28 17 24 17 24 31 35 9
25 27 11 34 10 13 30 31 26 35
9 8 28 23 38 20 23 5 13 14
18 38 36 19 35 26 35 15 26 32
33 39 26 28 17 24 37 34 28 15
32 8 35 37 35 14 16 35 14 35
25 37 26 27 25 22 19 31 24 28
16 26 32 35 28 11 16 39 32 25
26 14 10 38 35 30 14 36 11 27
12 10 34 12 15 23 13 16 35 14
29 38 30 38 35 24 23 21 33 39
39 27 27 28 31 38 30 8 16 16
26 36 20 34 33 22 12 31 9 31
24 14 4 17 37 31 32 22 27 26
27 32 32 36 30 33 37 15 29 24
28 34 31 38 20 11 32 38 24 26
18 9 0 39 19 37 5 36 17 37
16 12 37 34 30 31 37 11 20 25
37 19 24 27 26 26 30 38 20 13
30 34 28 34 24 26 20 37 37 29
27 38 38 31 28 13 21 21 16 6
27 20 38 31 37 13 25 36 30 31
33 23 30 33 20 28 25 39 22 33
23 23 23 14 35 21 21 34 20 29
28 27 14 8 11 28 36 33 28 36
27 20 39 5 39 19 14 29 20 33
34 22 34 23 36 24 29 35 35 15
14 29 24 19 32 21 27 17 25 18
21 39 36 25 7 10 16 18 1 20
31 22 22 38 14 14 21 38 26 26
17 33 39 23 30 20 19 26 31 8
31 27 14 34 28 31 15 9 26 24
29 19 20 34 7 28 33 33 15 31
