100 10
72 40 21 47 7 53 17 39 12 10
87 36 60 6 70 8 52 22 27 55
34 69 27 8 30 38 41 57 6 68
3 21 42 3 0 26 17 11 61 0
5 76 50 24 14 49 22 28 39 19
52 17 3 27 25 16 32 1 9 39
32 5 44 7 38 42 53 20 80 69
21 45 3 19 21 47 9 1 23 8
46 61 21 20 25 26 12 34 8 83
61 69 63 7 83 31 69 46 19 9
17 42 1 77 26 10 52 65 0 50
12 10 26 51 57 29 0 56 54 35
13 8 4 43 59 6 13 47 24 40
70 9 58 77 7 7 11 68 49 4
1 35 13 47 61 32 42 23 56 19
6 6 46 76 69 2 0 47 53 4
28 17 22 71 37 21 35 8 21 82
42 62 15 62 44 20 10 95 64 63
49 18 70 58 31 31 42 39 10 11
78 43 0 44 95 78 48 41 36 9
5 14 60 50 5 41 45 22 17 20
39 56 73 40 1 7 40 74 21 64
16 3 8 55 45 76 56 26 52 19
30 38 12 12 57 40 3 58 0 36
88 52 48 35 12 9 25 4 9 77
60 31 34 8 71 68 34 61 18 25
33 19 36 23 28 65 11 13 61 35
13 4 4 2 1 23 6 55 52 60
31 56 21 6 9 40 33 40 41 3
4 52 40 41 91 2 16 22 26 1
17 26 0 20 26 5 23 20 7 12
23 37 75 68 2 33 53 32 27 26
13 34 75 2 3 3 70 63 23 58
51 5 5 9 26 70 44 4 3 15
49 4 2 45 29 37 36 20 3 3
34 14 54 22 59 0 44 27 8 54
39 8 11 58 38 33 0 53 67 47
28 91 50 15 83 27 52 72 74 7
76 14 89 3 32 9 11 32 46 34
7 43 42 32 92 60 39 39 10 28
1 46 43 1 5 4 27 2 28 65
48 4 84 38 45 7 63 1 70 54
28 2 82 12 43 69 68 23 29 2
11 79 15 47 46 15 14 18 28 11
76 5 57 33 16 11 6 21 10 76
27 29 63 6 3 42 13 43 34 0
22 17 24 48 14 40 1 38 46 77
66 65 52 58 20 15 10 58 70 48
7 62 17 5 23 12 55 26 44 23
42 28 43 62 18 46 67 1 25 27
3 62 29 48 12 19 87 4 20 2
62 5 69 13 36 20 2 65 21 60
28 16 14 6 4 28 62 37 27 30
6 40 15 5 60 56 15 26 18 80
27 2 28 60 74 75 24 40 8 38
5 0 40 70 69 14 41 10 20 2
30 22 56 31 38 21 34 23 71 58
57 26 19 49 52 40 12 8 33 12
8 81 41 18 7 9 26 22 6 43
64 68 37 24 47 2 20 14 16 24
14 59 15 16 8 3 55 36 13 6
22 51 92 0 91 78 12 57 10 7
24 36 35 30 6 7 20 50 24 8
24 46 80 9 11 0 12 41 38 32
7 75 20 20 58 43 21 42 37 10
9 22 5 51 6 46 23 46 5 23
76 6 12 42 40 67 32 1 5 66
50 51 11 45 16 18 6 71 4 7
14 52 27 29 62 9 2 31 48 23
4 10 52 14 3 4 61 67 55 2
2 47 27 40 20 32 57 20 5 40
4 54 14 6 13 28 62 37 36 1
16 20 18 93 18 19 39 50 39 24
43 89 55 13 41 2 50 60 46 43
4 97 2 21 10 1 27 46 20 54
17 23 68 79 62 49 17 31 35 4
33 78 5 37 15 0 6 7 16 21
16 5 2 23 32 20 27 27 44 55
57 15 48 35 62 48 46 38 21 32
67 21 11 9 47 1 45 8 11 32
44 87 36 39 20 81 25 3 28 25
16 8 2 42 12 11 56 67 32 66
6 15 32 70 73 4 33 6 9 75
33 9 37 5 41 22 56 43 28 10
0 21 28 10 35 61 17 24 70 68
21 44 20 52 62 64 47 3 61 2
77 63 49 9 20 66 3 5 52 10
21 43 28 32 49 31 30 6 30 70
25 57 28 33 87 18 41 46 21 59
50 41 28 58 14 38 13 11 66 31
10 4 19 24 29 28 27 43 6 25
21 88 40 7 30 5 31 44 45 45
51 25 13 9 48 69 10 24 21 28
9 59 21 20 10 23 80 31 66 10
0 72 57 20 31 2 20 12 44 68
19 0 38 17 68 68 52 22 89 66
26 81 50 64 60 62 35 18 27 21
14 88 59 65 68 17 5 10 52 11
2 60 80 50 43 14 23 26 71 48
8 96 29 44 29 36 36 1 24 5
79 45 72 55 38 64 54 87 65 39
98 65 92 23 97 22 97 37 97 99
77 85 79 67 84 93 98 87 43 68
97 53 95 64 37 89 49 76 68 41
55 80 83 91 44 58 88 95 99 72
74 40 18 97 84 44 95 98 87 77
51 45 92 40 60 50 54 91 80 85
77 75 82 95 74 68 20 93 23 9
69 88 83 77 96 30 46 85 36 90
62 87 93 80 94 88 99 84 83 84
33 56 86 86 38 27 99 81 90 82
69 23 84 62 96 44 79 98 95 45
55 77 92 77 67 67 92 78 73 59
98 36 86 96 44 31 78 90 89 59
53 96 24 81 71 50 77 90 75 70
12 86 80 95 79 99 94 78 53 92
48 61 54 76 80 66 70 41 83 83
56 99 88 86 64 41 50 99 72 76
64 89 83 59 31 56 63 81 58 45
91 59 45 78 98 80 76 96 73 43
40 65 84 83 61 42 75 89 45 91
55 77 91 71 97 73 77 96 35 86
41 57 67 62 98 93 81 69 84 55
45 82 64 81 72 95 41 87 58 47
89 79 80 88 26 73 68 77 47 88
81 74 49 19 95 70 89 85 84 78
94 85 67 83 93 85 64 74 98 97
89 66 98 26 77 37 76 78 85 84
88 64 44 44 70 99 87 90 89 97
10 61 60 45 94 12 33 71 33 25
20 88 93 42 68 47 52 91 37 15
42 76 83 68 64 36 72 69 68 70
89 67 81 51 72 38 95 69 79 77
58 5 70 84 36 91 56 98 34 29
99 83 92 83 48 93 92 91 47 23
82 69 75 53 88 99 68 42 59 82
50 62 46 86 99 42 76 73 88 47
78 99 59 34 94 62 61 74 92 62
97 62 95 61 94 79 42 42 85 46
60 46 52 43 95 68 69 51 75 89
68 93 97 18 95 84 43 14 91 87
93 55 89 99 68 37 97 74 75 58
99 52 83 70 58 94 75 71 64 54
56 85 89 88 84 47 48 80 80 17
79 83 78 42 35 52 87 24 47 87
87 91 80 98 62 45 93 64 87 71
75 49 36 95 87 84 91 72 68 97
83 66 69 77 93 36 77 89 76 49
96 80 81 97 84 45 95 38 85 31
52 41 99 70 96 82 87 91 28 51
21 91 59 52 73 44 99 87 46 28
91 46 79 42 76 62 72 79 46 82
42 47 66 15 46 87 93 73 72 83
25 58 93 51 98 63 16 83 36 92
67 28 43 82 88 86 55 80 47 67
72 74 89 89 91 21 97 71 52 37
80 55 80 46 68 53 95 81 80 75
62 98 29 91 74 75 71 30 84 31
90 87 51 70 11 35 41 70 92 77
73 69 79 62 71 92 97 36 25 59
59 64 44 40 96 34 66 63 45 14
39 74 98 28 92 90 81 58 29 23
96 90 36 79 66 44 28 90 39 60
68 54 93 75 56 24 91 58 86 85
95 98 46 61 68 72 57 72 73 26
68 81 58 70 66 90 34 74 45 54
95 77 49 45 95 82 39 29 46 66
71 65 90 79 34 53 48 86 64 54
75 60 54 60 74 74 61 54 89 89
35 78 85 27 41 73 79 78 77 14
51 71 50 50 77 92 63 62 88 79
92 62 96 10 15 85 93 97 83 71
22 37 56 96 99 51 53 58 86 88
76 93 83 33 69 39 54 99 73 88
14 99 88 74 11 82 80 53 37 81
45 72 94 90 64 66 62 81 57 69
61 86 75 56 94 53 24 31 52 78
49 58 71 24 66 50 87 37 77 92
75 43 86 39 62 98 99 83 81 75
86 39 56 32 84 13 72 85 76 98
87 91 81 46 77 91 87 23 85 39
66 38 15 82 97 16 67 79 86 93
58 94 92 75 75 58 96 95 10 85
53 55 59 90 77 63 77 92 64 66
2 92 64 80 62 94 60 45 87 87
64 68 96 77 91 64 91 77 87 65
90 73 63 62 46 99 79 78 57 94
97 69 57 36 91 65 44 83 93 88
51 87 73 94 99 97 50 79 57 86
91 77 41 80 49 50 37 99 82 44
98 10 99 54 65 65 35 69 87 51
46 92 97 74 54 42 63 78 95 91
97 81 39 94 94 78 43 64 64 93
50 81 84 80 85 79 98 58 85 80
82 74 57 68 31 27 40 30 52 92
21 61 94 85 93 87 76 83 91 88
52 88 71 64 63 84 61 57 92 32
87 94 75 68 98 78 90 93 99 91
37 69 81 78 63 71 50 93 73 85
37 97 83 80 96 70 36 90 54 11
