888625830 600798584 451649176
752839163 112981371 849276677
425244215 797958073 322740562
217191982 86984129 816805528
146528656 8014718 817137554
470126311 66394274 571003943
898986633 388075359 887513880
593485602 215146137 609467300
315559685 785601751 718743514
420857485 16407925 235072990
655750297 908868809 477421597
302102976 363300900 646763352
379806710 380825368 119204487
114209741 611420114 749283224
596032920 583454873 183211367
311639710 133263525 408725214
132919974 165949826 777511510
490598701 746762970 181728864
345391477 862201143 685382841
675271238 859109750 274007704
239594236 700515714 884741879
864421478 445951598 241148926
944072687 197210493 755086732
516209144 167950178 85885333
496283429 35060113 535343536
311878987 921518468 701612932
280299207 888319881 175966762
173196789 808560740 60012867
204945640 913560941 534913551
698605357 584038871 809879711
400937068 399900166 323019176
645879787 426298915 55208590
491518553 840647809 63709762
352225982 434745835 513064858
918164723 662892162 912740663
985744524 769698281 468975764
247390380 361620644 432016432
196507043 843938733 885311480
653442492 654671137 238484500
669650390 612484340 37554216
951363396 593972818 1309347
825176511 153999605 938033465
859540778 179520496 342583901
630993538 427439511 847733104
3559297 609590151 728603310
972075043 914143269 684277839
360030324 147305627 451896242
575333510 952919953 116400910
76614322 468407192 753627484
376751310 778538128 873597445
291192456 77060069 904815806
612595759 112717223 54147976
751481594 654158725 180568839
459038862 690829799 694691110
167010715 230936103 819375919
576746542 220282946 832910878
692821292 685536927 773714973
44089354 245568967 816016207
501358863 266126489 153923398
498889385 898519300 952788333
129802209 331740156 897480917
575890087 364480273 101978241
149447651 965044799 312310577
234950364 497990048 979337608
833250993 920334032 226383398
947063316 326598898 225448638
167534522 67551151 559976983
573718698 210396959 864647433
155376254 539708135 278458579
5320329 131732038 131249467
170628194 56086223 718396277
531934821 919115078 326388111
307278203 17104890 526734611
46570806 465576713 718397941
149655693 839990937 243668979
88970468 412360956 209209316
378588893 575247747 493362043
775410637 869421423 322480655
25001337 100326211 20225156
600531434 946873359 601559866
734806103 839495066 129123091
574767742 472738079 929529449
523169187 601774536 685738497
190445232 461742129 541253572
624170163 231869374 149057194
316174733 44355159 647736342
991548423 327390027 171226639
163296308 477405465 363173190
916728202 800854376 691753539
663833727 902638893 603335069
278893136 248517895 397910719
974329807 787893168 412021677
18242886 541816864 171386987
838726177 985202497 657019794
97468453 920713824 667904454
436705254 625248754 666587081
915346297 440899900 564534841
589541051 329634446 302514489
996795668 483981510 879866784
47388166 217443845 794975686
310710975 974065946 842322133
48305128 225872297 51402866
473848874 978231062 145746783
452440542 927961727 229343175
646563687 210676964 774342215
738394834 656166108 356813963
72161276 175930793 481833951
845564060 163085437 56076247
951047529 436033121 523490343
447239630 770778514 683766707
665751017 508561185 772190385
792097472 569286333 370957653
709273739 869783969 938410959
984503678 268113874 144833086
74805909 465575250 832306228
88370060 548152154 20078147
694908254 717868 58488023
950091560 722041401 391702634
530763999 644996753 637220586
245196769 355130833 245028468
717189129 829570443 696906015
799612731 458576439 458200363
879009488 649556190 942831759
524531481 644545324 905877287
273343577 588870560 442141867
804174897 894813651 594422689
169479664 63702567 94584623
739153643 793713966 209501185
845374172 415341221 775749544
692456540 275201494 608280615
724866459 748269953 576021276
493715956 731044473 546221503
82533016 492146842 854357807
535181036 544597426 549559259
8595876 503718697 188796836
576657111 277700815 7092338
738172823 452718654 193310158
6852673 197877208 189628983
5217470 215089437 958802200
959718377 337628881 488777534
207053095 355893923 358623407
628494937 111105023 534503963
607388882 991059984 537082348
378119073 295152592 260958005
388131904 397824917 282240730
699865636 178111519 13401879
730850573 573268249 892074064
762716239 954492127 853752769
109270845 840607062 591784844
441813213 523668327 161298300
811937254 820666519 303465712
468581900 421953816 536687339
242998161 519784508 284487140
530918628 746729705 283958810
438130187 748359446 872224601
241997374 920695388 258246793
197704329 297922818 187056395
619735723 570075548 604734290
85895351 213130738 835046892
329837497 361170892 103848607
545626744 512715523 682600182
597998299 145470180 112915038
395262520 503515669 72701088
329262989 755599162 265375746
290356039 77589074 461301914
968900570 607780073 337780531
358825880 644523772 910312113
126231055 923799681 602544752
112369797 442958467 748305707
370794711 600359606 913293170
835810933 203214004 126775770
949653582 954690502 168377149
78370508 420599540 439561935
737053587 186912297 139031592
932336216 471432426 699385975
46298272 351162184 655233077
717133455 690892198 632599181
969147610 308133236 570144504
116983053 321795858 142617211
561596447 389936082 61044867
525386727 433807731 638655511
205425830 540543077 395122886
93583673 862898714 893910956
896901210 211226609 439189469
233050371 671945465 515885567
42878517 180348423 509852379
179045310 423273285 662066703
310052117 723624701 642824451
293024578 8400375 539479689
47118070 883311327 943969833
474542142 859438533 293551985
102964613 171709263 153134263
10393422 605002974 451549467
651385580 933450927 154698539
151552224 135310727 883062687
453877927 819593177 131324974
996675086 316262078 264224964
936298840 722857537 48264805
274204564 211921543 693195142
