1000
801552426 526706151 422686923
223210585 995610080 378383290
142978064 551818022 572863655
153366944 657851408 264555147
290313199 211089609 140073619
575237421 43955953 33327503
791350348 62179825 381021980
392528660 511771190 20485896
264523566 908770626 7320578
630386567 371956565 501437692
140565476 251943432 724749034
682114808 238977230 695884720
538547478 873129935 142164454
357918561 787905634 148930096
251430364 892900959 370692677
381762392 748624402 375982795
449052951 975411899 8620236
554355117 465497593 335119530
653573923 590415610 943814990
386075835 431568118 314838954
450939824 828177859 546866866
112402643 70303849 36237307
505653508 925717777 19655524
787149524 325891208 171988653
452648263 475385427 165460396
253898861 580496392 736998177
395031097 618801262 80502954
652147635 39762098 967864236
854827721 776254571 899765426
130018762 437570795 270099884
140666784 159489495 832697163
342637196 502802425 252206030
843266326 735661389 199364791
3654818 852437024 248760091
909428022 318756915 525010434
192404869 988851408 249670123
22711023 601313689 573474395
829895183 494399570 113444548
250737067 774969655 426672530
637314377 843542297 80694339
370681176 188465085 145299211
908630005 588280218 210913138
470848463 425224600 276621138
221716765 861887964 176918793
358542150 531147722 262589229
610623372 275010345 68161872
543251867 684252132 450652839
98437045 424460139 313226993
126759414 141693274 30486536
841555580 51435719 747156153
319686322 114924001 495339168
721887664 632602592 312573601
33613246 703323728 13659055
139333310 220872800 359163231
232237854 446932439 844944361
22863870 225836431 232398428
796864797 401727347 142934861
421247128 997486644 502432873
835942661 53391613 853914539
460790226 29399101 743149064
341427696 298981888 27852577
520523960 747057136 802991250
88456649 984562173 378048336
603510973 996004584 566361077
386204495 245121878 92875460
886484145 249828283 885768650
111161347 531683506 325230175
797669610 841966343 361683578
438930083 843923690 48315549
642959631 437152667 37419683
253600977 665820438 259163103
11537806 197830226 980268980
238553230 364513815 963434321
413934667 302171283 146274380
915319352 348741250 14422947
890057412 176184636 107574193
170577131 351518126 589976939
13522434 787520950 125997049
213526601 296408870 731056344
313135981 543253164 706050811
750586449 141607666 143614600
311309126 105423450 177915375
926471001 943428704 537569187
461622980 788247543 602183012
151800527 453230807 678023494
195739536 429289 328062296
355593883 19401980 820802810
150225496 749732907 476166647
611874267 620859280 511224341
417773694 601539875 876908343
370597594 134292918 55759829
852575911 234199040 198086483
992213085 117907500 693185613
624158870 132858649 922911370
97013309 562596290 185348289
299160720 89105214 350682753
433009163 912162152 175878885
262028783 578035178 173563772
6630238 914499716 808611387
258169953 147188778 252976656
113382486 4554173 381813613
812602609 766645050 101473350
360577732 31089890 689255009
782144345 752603128 322091466
734234269 37430281 29019137
799545057 150349367 684149157
867435661 873914238 439043093
243452959 757534378 598987277
128173557 639220712 872411150
745095628 48180999 176715274
83726317 586421034 177618002
575836438 724806944 304817671
525205262 967049264 42495199
455345649 511844129 97132375
768601059 117963709 44103996
726348711 648843089 183837357
674730360 682611220 789132266
86990790 767083217 226402038
947269476 664914781 867064573
282596023 708121904 50468854
124983554 913282679 478116491
172403317 979455170 443994795
864085534 604255784 276795025
644405773 767794990 101162107
573723219 716912857 974234789
550529642 595248678 367459067
73916451 271350851 487725823
615172716 424668014 308907964
551283009 170834752 386386979
367753679 730493041 584876342
187134535 255826184 760759348
317073752 354728517 507581147
113047392 815080256 255678379
71738206 965702275 27726840
554745848 388711356 778852272
460413899 792820352 944865723
68983050 109298124 78158743
503240931 382832291 401308425
693803042 263869838 658982365
146547836 16731484 439391198
800842047 675375040 578978532
996128921 508609389 416192723
596857182 482542737 199285334
664709725 566416381 116103257
987741937 133250709 868461636
140713747 948796636 562089137
251562406 763295993 793327
800891161 502589685 174759004
566190426 814796079 126828988
514130352 663869830 685793505
586705086 656712672 654523231
162459130 201989433 813993818
526374596 294448626 198841354
442081946 927087096 762070347
523851321 835438641 172262061
400503071 43120246 223092343
6561139 751397176 530248319
178708537 575349713 933003244
412277668 571627714 654391814
302568471 27016001 938879290
34388874 300704275 907728534
469642650 283371472 856191365
869592302 814708739 454043101
94756363 487917374 336496219
370617042 259804241 49725937
926381843 443194551 299286508
55740483 82880703 609678925
230968285 584122726 204661092
820761257 248737365 728823353
87371383 721258827 4264228
5026505 728607302 751169520
756868 389475961 392320471
955359807 148042571 920880585
677694320 107518706 236251475
132271963 4760510 905342785
377655360 441214282 579750637
89751421 474065567 808000353
725939750 16535290 86335427
489815511 227581286 290298495
114954422 8380562 821121493
62124089 442511381 552910906
611856573 323476222 586859457
105498069 987489922 192601898
802243657 408562980 415892261
991198936 252974433 872913665
802281858 52362834 147553135
731166954 24674604 241725557
791615669 226462578 815525962
305963827 461296331 591469447
125193766 746890396 148075717
924268040 626836389 833657035
293581077 448979627 95401585
594745293 497001960 751145397
593565960 204656265 538282655
918568281 117160484 24745230
984189753 561236337 950938335
847295371 529237140 11346106
717198253 477673714 171345572
29457977 180736276 295820734
434433533 79989331 55923095
450859573 477643655 463037099
933025459 785645173 812067715
165264967 115051658 937933706
323583409 240867719 257078638
134566043 904901777 204977985
501224107 644458462 856445873
852140964 717086259 742874203
369152317 615081790 45714026
867079863 187228899 692562638
538890126 189563930 485829869
609782389 820648439 500088886
95258798 342407831 741480951
575086070 29497 848102233
408371752 146300052 147193090
526799653 995930684 322568130
155591529 742336364 716519972
813467535 69719590 601668375
889124196 522253206 743967953
221348884 123118585 782759048
698844368 92334393 382705664
772918237 660574710 141042134
25546004 207305982 176270900
206822734 644256352 403959890
159818710 921607080 799887043
806247635 334535029 770390711
131873815 753782368 814225323
919204977 80691921 128690637
739849684 77424659 454851098
789860060 784713173 977222384
221675632 967458773 684013234
730461447 850769124 133652202
24664252 67739493 331325941
169993716 931134302 860878025
181391983 578870048 967975826
582837204 275080521 895263750
630522228 504527345 528755919
513399347 113531383 158231192
9995818 495988660 699130260
602353943 524808043 733440472
377879124 905292889 335946428
517107433 158307022 84875062
121478440 781783290 128558331
663666389 563283559 201966997
436911966 135930329 807678389
758897390 86161057 704906921
852580042 504979970 342982846
666584174 9020960 846872444
215900146 736980899 901532891
769276312 377176491 185904447
259680498 117460983 184722702
723689459 850600099 589571968
798865072 809850214 753538166
207996463 842415619 471970016
946057401 417816219 116661984
639092744 667785408 73914835
596536893 745003315 442808842
460477499 863501199 522511321
141241265 427963934 70211795
82872009 463558867 114201294
84465207 120043382 83732388
42558132 716167440 131317586
146171094 529982057 795503537
147106291 15856941 773332526
828732838 84868765 15644761
151600053 28241076 406224499
916987034 661536426 919871263
541542488 668899830 122550765
273889882 211546900 586419375
149735189 100833393 694584822
518344416 824034340 423112877
939768522 98320510 613340041
836909641 274794591 585956747
964280981 961954265 310192886
672130593 734893331 175515867
603236198 320482299 457012617
611287894 706213364 538237933
166925627 905370007 633824301
369244647 816281593 322303375
821538 125794144 100025207
994548955 520817731 592605899
250535861 891374567 486426097
44163091 922665236 607552619
204472202 942809968 875891470
107536105 327325255 853047678
571496774 601166881 253555986
111007914 695960649 19548688
342147379 860382694 446298454
130083561 528403235 231397160
150178344 309595397 369306852
66623535 458225672 874857316
258725157 91674678 233645107
274962280 258577770 760269369
319585133 410729184 114709677
835816840 883094853 915709954
471138123 328573 782812131
441771055 995153706 945693906
751006695 409885093 163564629
603997597 584759564 371930336
857500029 592578540 788957501
446438376 334268968 593670778
968088038 522651854 3349595
814414497 156031255 692115952
824479972 472154607 902750338
905310865 990415214 116855602
747502470 847024494 623920849
427406996 448928711 237900726
932190462 634996829 547218707
782938955 224467163 841431269
755522588 148326746 252803222
142854035 413395053 24164586
259787619 416258182 698782242
197422005 561749574 190084866
449915420 790889007 898356226
864807619 6431438 274449130
224000308 586689519 596429316
883089110 22294213 38438960
3369127 144444468 577105580
580440068 587253849 492944685
281756823 637828680 100605090
3224301 503735732 905911250
142316461 169674636 14318977
694575342 6667902 398279270
173163191 513409452 283366118
564855474 851338638 914188199
866156815 855185986 355163485
578744242 2793678 61052066
955480503 29096596 104909764
688026728 615017695 117708655
52378712 213063468 305573987
150355179 781831441 937832188
966205243 889419781 196938654
29759552 358798080 185249784
791070832 808561001 560571745
870904980 403807062 91068315
134022202 354500678 973258368
170451777 39830941 572966817
888966325 16398956 739346676
859201990 927803502 714697247
42348305 133981838 271644857
337224231 870652138 449258862
493536936 496545498 318732644
117087737 1681967 351531958
470105209 465910350 829875488
960278845 270047570 58318526
110030310 296000103 303360316
802999188 423221828 623424332
320034211 517687836 526312515
249297612 204369587 15052803
939980182 358967189 83087960
594973170 31963405 690382239
752492286 958999773 247520936
408547113 946108732 282291983
44083859 589257365 603192885
943111215 293391998 416856874
23580451 382755769 264442465
543950472 337697625 35699295
405566566 596525338 550798430
616450087 418605941 353622815
253156103 981864568 136557688
614282867 501361400 804458266
325381304 393317926 539716816
49601584 430167252 392804209
847955939 97092141 889281361
17997361 38798254 597816797
580162160 412772600 98664037
741440529 893957869 954309871
679881748 364399103 184709031
493920962 307068326 846497495
356583244 818313638 912038478
43422401 209550994 50375078
545379028 725118200 91890675
365832532 301683963 193475574
453730660 136772123 921568971
159389080 143266611 552762790
269954608 643389839 75968288
195485745 231282459 571233497
672588849 996106629 133947745
50989960 695979934 142320470
237053899 582715308 172506883
572605285 105909648 908749867
807663359 506288180 58338706
247844357 752423426 598562893
436246963 493536283 284219314
73486330 281651285 659189007
121505776 41623876 46512377
49472731 412018528 309877815
820938884 289737567 476967680
988582803 382539336 124927188
762832457 447732209 252537575
971336553 82761777 557022077
191937726 376923088 20576307
634821949 753738547 77725776
667059856 412118099 37235178
893895369 54867312 439881235
648310531 972308933 596273768
416277521 226919675 260366807
763843170 254916424 150462403
235110349 482071317 69170842
119790268 678310051 716935741
8255670 315847929 228913473
408635794 289086652 73106297
689233749 777173679 165588759
62460942 215246178 281807745
344435440 459767062 12950929
325868370 140496541 796289548
472691286 183540409 977136971
933622988 887789981 722177465
411427565 318087769 217443060
697581520 342484527 881271329
332513144 795961714 54645682
657566965 777133293 283714397
974174039 527748745 765695105
317372558 83549312 111327800
980424217 700137842 356915441
755990816 426144507 705112558
215105020 56848886 181350241
28307195 720593392 555960771
331330100 239894029 73895631
72424052 161511482 104148166
219053657 847842241 132302289
162103438 464973717 472616340
73162281 480917543 801937187
903279491 59611454 164083523
735114467 947771832 518077485
431341104 995733163 98204411
809547795 963993680 226902439
968925708 365879155 87032371
669041944 715923270 523870903
367660175 157215666 918812652
80331528 69469441 46483227
113246048 655817494 440300901
260941699 837874073 302378392
129081189 861406207 669963482
819480753 202143107 452415949
865851323 15749236 909267025
909603277 118539700 782503991
354722509 406604691 512076883
510954699 180867894 360440813
28370845 641119648 374222584
929957732 413618858 287581067
538542966 403611 693385290
683407268 285164767 931329372
993691515 345316040 428976946
712928443 378830535 68134544
880843311 931856066 106663691
697048686 128073018 300052246
40597167 121478331 134053128
874273960 839332946 997985573
499349201 195928731 881751066
954757609 965670233 688792512
600647501 114270914 54972981
68376471 651943106 100317349
812719115 375926532 652680004
598704506 668853007 484835898
287087828 838609681 930079460
664363861 399037934 39127157
480131717 479461487 153675325
547599228 735904461 987952954
181739274 770232084 259211672
475490835 141915159 18437804
201979674 851325518 693680359
349420304 689865290 301718877
780275172 551422869 575329338
590560619 235253253 736375198
662041279 18107906 546137562
941243410 316554928 23436924
117981127 781395308 50195798
32049869 994343393 211665197
225802194 806216463 808871578
134881583 562624756 663776351
62580033 69324968 210356149
51815082 680659153 545343056
472882950 259109257 104792437
662244273 284100064 216735227
536694877 799480339 60878294
979271286 297833194 49105342
235215560 102868947 546402548
101651465 762125904 660704680
974857417 478971416 305635403
385680751 233842271 291974687
218431014 122255222 952256482
528311177 831662001 921431778
202421189 478826675 20457063
576820475 83647627 413117498
803504289 322519747 340662801
328293505 743449392 95828745
333328119 811451517 546243416
572847941 40256687 690486971
12893209 949554610 416456273
731374738 18826138 730805257
186732853 148558964 456265781
147223984 844683898 938473876
812286011 889789052 959069763
73252359 644267982 599425300
695229023 255666234 18612132
984426723 249023833 48928169
403196949 221971205 843293750
198332204 827078638 401367989
898002050 557729388 344051115
644218941 924432507 245305258
29215120 595357184 43635762
297435167 800160847 114859816
414826226 254217867 497823646
325729610 601739067 928005346
961361355 285679611 994377892
791489890 58627359 7374894
746382439 997670146 289828046
647057726 242012474 169623100
146397778 841785891 273203601
412884721 833842390 61763349
377458156 624880808 379813086
198893165 515976283 474421795
327254 206946331 574067484
857416911 193858667 449923770
578881303 158894258 416727845
2473695 127304373 266337613
183448203 576670023 851723804
148329080 90679547 688347566
563135373 655781682 836652970
54541175 251708323 69995012
138825495 74609470 183258596
888019328 281845200 973941625
916533941 285746456 767251300
702538159 47848908 593165792
72478571 79567962 767015760
40540320 164295155 995290550
99903014 90090498 527374905
128124026 603646335 125305718
36437027 917970761 812060079
36926715 356871176 364375115
779787068 937793529 316463430
633113685 312579064 125429887
974106116 736757391 290761935
312300267 732900355 242413447
818671524 836923693 510966555
380131686 461742931 858131566
117056510 273742918 887250952
51300437 620955226 974549469
395149814 265243021 115748929
124411675 688540054 652553189
614808448 744866679 293851237
895942666 104049639 266047029
743809503 58109535 95592727
309194733 874691085 610608740
825983461 172841679 553963856
332024907 181852690 881277303
785264316 853455057 975864686
26921110 694636760 40675875
93733180 823496023 317899800
354971018 640674314 682535494
866995891 923395142 787074019
206117967 685894912 495915042
812423041 47124262 149703058
357700816 273993419 802453965
646486595 382187639 656406650
955418065 179296696 520012931
748127321 611477016 588063877
869837245 435147233 540833856
645579335 367605561 36211308
865581455 773289407 104031805
410857977 131849981 151853117
187871643 757742811 805397767
730842928 819869350 492193158
183398262 735555989 575390638
823936579 130634257 841670165
475680366 827532875 444039013
458018166 331680761 43348669
916469704 556705704 117512090
45433698 802920615 251884711
90171341 90965713 406079094
268302692 796925038 415953481
73991042 174411281 15221612
279078891 374635989 85014119
755672778 374091488 672759694
923121757 688610831 692862934
292753351 772881134 36984589
180320200 542175483 570228560
761130653 115145946 727494629
580934092 300380629 115523660
633282886 10612271 672993363
203083192 867692861 901707344
555579883 724542579 357953623
26602161 778267505 371408812
883531962 821505623 75746058
755433429 421940 204547653
63431278 140707294 487994911
490421284 468283002 55843300
661686728 300268977 386472143
649865733 191545889 233769570
219328274 371469726 556723053
258101792 150846145 795908569
512028174 44648690 494193041
786283998 610030042 42086917
388147170 884757111 935992749
912418168 980665643 462817330
737442030 263178233 569488505
411035010 162866825 611668357
305857910 627281746 81183700
357783069 658175237 615288716
226796367 134061685 19847106
64447058 385398732 938155526
109091009 95251092 11541876
64883503 129039612 959514708
312098893 292784324 144205051
294493988 961240488 49405435
430213950 380764355 357592579
602337807 253610291 822360836
566164714 382654495 911165207
247747292 68940052 737221245
847412032 342474920 719806480
13881456 580503976 512116311
24381801 764792124 374707633
290890474 526522806 637930449
661797379 12496687 929011510
692090527 397161997 722508703
332986830 519613882 685112932
36727851 512638082 556198564
385295911 208287332 286844314
42592824 300991531 643779692
982669858 584813623 282255596
430771903 19106544 150377252
154567999 719736830 990757553
426340587 703906177 63705516
253506853 434468877 28117740
682151207 649384010 39263817
184945704 176716779 109020852
509908673 577071228 3086004
326861700 301422874 100320045
304333420 774982080 987845659
878262010 497603099 913963475
33597334 33188318 4009773
820261754 443525032 761820241
967633227 470333612 362058431
497984726 885517523 831335351
724636875 592195988 600505765
877841962 677200444 44533208
147073347 460411486 106366862
556908344 427910842 125782632
460240390 376484390 289425528
324388641 688148848 721356101
288557839 127626948 243649050
907507815 258092571 994113151
989301351 572518043 585765788
103667928 737628179 44705263
295776158 834483995 309151562
350467301 905523480 268868225
915010441 802431874 627549312
132203227 443300838 139519683
6164598 84636544 55327554
29780927 164350338 572160724
24511943 209063144 441014716
170021662 603929584 238558213
448263096 937566950 803317471
127046408 670234138 75184498
108580310 697409514 748302626
261105210 87929296 711274890
706203888 26628647 871071553
703569672 850516922 986753622
501158467 891837489 29167717
947894257 428190813 385292994
956154453 467761070 871911117
134082445 16414272 996762688
70566969 608074839 39143000
746405018 378911046 272043627
244554526 95213065 924363807
885801851 316824400 458836747
55430452 760943260 111359795
167573675 262801368 677969391
435669709 732153400 220896490
757321061 511842612 71636156
601138432 572306783 533193122
279888677 302914269 545631340
24860491 773897733 941339159
575217864 864500748 142062188
987968759 447373909 673040416
993902963 401048422 820251128
264933850 212723579 834159292
145079888 963738271 229210670
110414126 656690828 287391123
491882158 400627850 194148465
27347109 413706659 966359334
182504277 742735623 984415044
52734880 553621243 17934804
136642049 438351914 714816248
893158818 409561596 816655337
958260982 514211268 77692608
109605280 744211128 214775028
953124283 282408268 496900406
990459753 714427634 804174261
643969703 233563595 255580603
928246775 925442477 836895012
28924988 14075954 351357708
838208400 628200634 341553846
271701291 933364315 835240164
133182063 67074468 445366368
293792828 65257544 124090699
939454223 109108864 193988864
843007256 676439193 135089533
559566252 799107151 231158519
283311410 643622471 487740158
503754907 229941122 500463361
743502322 188530115 290370340
173214043 571185876 669115842
607336449 866270306 816496789
441028393 399891001 694829204
129354183 357755931 202066871
169361850 50536322 311030149
508517445 817022349 38282526
872257043 503854139 748494052
131322779 82454904 692619213
491501798 651719484 284523535
891561383 480514609 673627603
125336637 2395293 9197525
114975032 203777891 807836366
117293888 119382611 269269793
72473582 440264825 451505507
596438158 33452251 144964410
172138819 829004578 558386864
656832012 512786964 558628537
71316675 323481699 477560183
410713702 852748056 979956408
278367273 301129792 820048672
7983858 42470939 47607829
282620966 129094552 87753795
110464443 151778140 76972498
94725252 761927937 277850098
198904155 700685213 765294037
220424836 270927577 814454999
484402215 237521728 6577664
584585865 749294184 895590634
831249969 640212108 153583333
352080191 297429512 705117262
294165148 526287042 970412195
930052907 16736377 521627849
971011089 56894917 954993258
631255682 148138054 822726705
71522843 47277348 21438446
687948520 651166346 928458264
184970806 397254880 488455791
997087363 234168047 675431485
378410353 245479751 814435324
506070644 697178448 807397504
131679276 780888336 320803195
557100042 504051128 116667035
522633688 50379787 179976205
406209319 309510620 739597306
776573106 607825370 493630965
80402195 107930416 713410504
889139527 578570110 574231308
666430092 766443999 19132134
781819595 738736466 543927615
104534967 831264490 682915342
808650286 710594233 3819924
926192552 759854868 944757061
390184463 765802210 968246999
845474521 343328402 384239079
775220378 697952851 140993703
8459327 794334341 822026295
35394561 375762662 46000561
389661961 574045684 491024311
218285710 28965754 497878903
457540869 899684670 920236317
586900279 992944636 677422569
833411296 257061785 52668885
795033785 841919015 715481176
534292339 223969113 62395154
57435343 651105312 900904179
738580750 74292450 945208243
180158889 330851307 136856467
745352299 863976342 715198274
74525719 570793032 509037675
970593371 829349939 918662603
704185985 823817432 275614275
126893346 245204751 135131464
266056216 898215412 846981581
699575198 639731615 869223283
853706134 103855391 742590820
899545883 382780701 683474589
619735674 954131122 24482165
304126225 790729869 371207507
444575614 886736585 994513209
121385922 23726404 486952980
510902297 298391833 697221486
532492817 245525130 226529670
148003713 66442966 569130489
483964885 479006653 100970522
851828278 754984304 689566499
925496341 592947966 354098129
4170067 922292379 783395961
666022924 365622364 66113328
120765057 326266584 38482144
729162615 697487383 706456402
328010305 631020440 489393054
366690568 839548780 531891530
675761543 833834725 931182047
866435100 88115393 340933015
927159063 973375363 341649249
80002019 621516465 819114401
688667197 641961943 848879627
589130828 623969173 90349170
227561761 113136761 521967546
590193781 512257928 609401227
60016506 529341546 969204608
758384161 847148982 216360864
687226877 56823820 758310332
755544273 714137754 579474549
742752052 463644107 598941893
162297809 787390327 78099935
513099228 513637938 180909180
56090262 316058555 472181714
7747180 560942300 304025770
897520177 696478311 926852474
115501334 258049804 476679395
438344102 583519964 811458393
863159561 870706242 7994283
419035127 126256623 633565679
317551987 599382714 130481062
968102814 569640873 824400339
484353283 765712111 603192400
934959820 731849641 559825565
65520308 689944939 843486480
937715513 951380952 48770856
703614145 599730280 729167449
577381208 917952570 506323942
458039427 890365601 708603711
707503809 751910578 770412358
143348790 138807750 128715409
359299548 375834026 96176015
524337208 613158075 722983866
81462937 755952034 126681587
536591546 413386729 681156258
108900990 198324700 700958910
273459082 764132748 29993436
590261101 494465874 875469722
812258917 82074040 733888906
474014068 940701013 587316277
191581574 36634225 532852180
992127424 825686720 277376126
822791339 209938400 119056779
681764943 801247116 839567569
847678253 521883973 980719863
23502363 219570047 139981243
171913283 184149026 468744655
223155036 263349250 147048283
836053978 926052079 546408804
852694256 75739808 851740892
83180942 10237997 271323819
33398999 46851186 450623947
812444767 59926990 375436641
10772202 215225680 138649072
255196109 556160904 549237431
351894871 127133059 130088789
817621444 15752155 605980504
348632301 330800751 84054915
220414046 89580047 185813382
524288536 592020911 803714626
359579552 434547806 4086936
523354015 68906934 180607019
270881982 48139834 634094413
614049737 676761571 461436145
793839698 897144769 32553856
673567101 459070030 830489833
749508238 995122058 766132124
423006810 507690960 809435189
19312719 872534903 677528652
468864630 92091214 791914718
756260614 867023412 387696236
897599608 236337635 632475002
114300905 760382931 433084174
226739595 178139034 742886674
578752414 341491695 376368728
492977941 488344261 70490734
31485502 451307966 573089512
803617543 78496078 728623688
28324669 661932756 140294279
341248901 792048477 856864480
648324732 414092000 2090227
124808638 120953114 341212583
181651851 450153017 489214492
863673188 913300643 780037439
53918492 322342164 854099474
70918617 428117988 511913726
914503000 511459421 870689100
72234843 278198760 967005955
665191343 423381673 365562460
57551153 894587321 796091400
86794637 968413900 706202841
361377872 946487142 401129125
826035942 853538633 585389025
213863128 659206512 768058465
586765292 871701774 910621938
59305951 675052403 801976274
410975406 956239890 905456376
139295650 384814320 502770770
72526599 534428404 363329921
393080686 847391430 147212047
845409952 55010359 344242363
360449923 30487674 306984579
437206019 581760593 509587914
831632516 627228596 983029143
382216890 795682053 647594902
680394918 46966551 242079855
505202427 936089645 745811747
348330444 701696740 787510363
744954480 620283350 218396559
893760544 137698397 660177420
703133185 309277008 311354576
667950387 548238300 538018117
767445409 668205181 334242551
149680259 175869236 896751180
656847614 573658565 628517432
20420031 751316791 529808131
221164115 960327142 83530896
800054441 121631667 211341479
430631569 957235947 667668412
900944909 273890566 223042888
525961461 791583975 490674660
431806140 20307414 209153379
162456868 163971999 655868092
141462193 290680522 93231270
977829241 36049150 640021750
452310581 244170641 287060024
572659066 808455702 938295099
156415832 360904496 229800791
289403891 111730523 509645597
651871403 690342521 84951860
61631919 114646580 127691715
132592453 98024293 928032569
269659022 968687584 658696381
431875182 31457014 417057136
92660944 426841733 335381198
957811918 407487914 324020315
940144707 179762077 104082964
473794150 188915974 131700399
783556443 863414097 853725500
227988540 46667333 61787590
432530489 307783528 778888767
75541011 807282654 550230186
8253921 840149853 47702147
274037312 743270476 234515533
870070886 66984226 874801508
319004454 390431113 616281466
528969581 958688581 461523580
468222250 234380002 739685016
103231429 993079721 800312517
365498918 138840053 520636989
499251892 62041816 762685731
481538128 696042260 40594258
718484967 276293288 801646602
113033477 933557005 131159854
640897370 136470392 497689502
571001203 65146532 53449508
31818311 600622241 486619234
194844922 995281673 152058488
141467886 386362773 757816577
250045436 240491827 734258889
451218621 866605590 806057176
77867403 103008058 384611324
236744998 835222789 839404791
58000841 214905103 194918021
277724132 229277240 80016822
517964332 677062280 222240661
78829095 436886833 510413138
465679895 454692457 271064420
169998513 13513128 832466221
403816142 889574074 290311304
179240344 722144161 849931590
888252580 905388623 946703413
890267822 415822565 818062617
988095825 435488524 631353892
448163017 52432337 116094490
840394968 870627011 26949373
171408648 292683169 390225400
455586016 458076217 158104624
827144229 153165419 768894887
409017457 613591906 775037402
768403219 735487969 782769005
866191667 644050410 440766850
299105094 152443385 520326978
934454816 37288861 797901197
640632971 784576833 36346511
990454629 426957353 332474104
139816434 547696420 20575545
420663802 932700444 616329715
341646171 28270073 893577078
199913335 280753084 947856483
942562489 13234858 450549625
360208053 260345878 210738254
31402876 60857137 623685587
415979702 313336176 963553742
625905921 429018101 406376175
169482625 931162453 335767529
10181741 676419734 957281414
433587928 103398485 504066972
30610989 232056137 689537761
442496775 307427864 94455566
524282629 492741962 817212502
734354196 56554664 881918888
830965176 148663451 64895143
123321879 701447152 887652141
1000
4 687 942 152264269
5 245 873 583532974
5 2 963 15672219
5 47 779 311047722
4 656 997 875780431
5 110 848 234033889
4 271 961 425480097
6 327 736 801168606
5 332 643 796418789
2 609 673
5 508 838 286598940
5 73 794 515502237
7 658 990
1 332 594
4 337 808 600502528
3 322 863
7 295 667
2 468 678
2 440 453
5 840 933 12991341
7 344 838
7 169 831
6 75 760 165253036
7 398 767
4 130 224 680773985
4 51 451 254310553
7 41 379
7 359 929
7 838 946
2 333 357
1 595 977
2 338 394
7 207 771
7 178 839
7 326 972
7 435 928
1 107 797
4 184 447 249532309
6 485 887 356174897
7 652 980
4 821 950 215830253
4 137 804 251303111
1 335 855
2 198 926
2 209 518
7 154 823
1 70 287
4 1 807 147982377
1 441 950
3 260 949
6 74 616 520234707
1 608 694
5 202 932 289585922
3 322 791
1 282 909
5 346 968 871228867
3 475 703
3 28 185
5 46 814 147980738
7 510 524
1 38 847
1 442 925
3 84 631
3 137 319
7 211 782
7 387 708
5 9 667 26505149
7 85 235
7 178 641
6 95 797 325204861
3 297 978
1 120 992
5 517 670 602134911
1 193 690
7 19 88
7 166 984
2 158 950
6 281 488 357359111
3 313 889
7 826 953
6 10 142 413644896
7 400 632
1 344 899
7 109 923
7 72 871
4 269 959 68681352
3 434 917
7 276 283
4 134 816 34337091
5 522 634 182999076
6 284 930 676261103
6 291 696 317200288
2 450 914
2 128 969
4 488 996 890616220
5 483 985 324893878
1 585 774
2 275 831
7 214 641
4 225 929 637284432
1 384 685
1 4 984
6 147 364 332601791
2 680 950
1 403 619
3 227 769
6 282 852 603990079
3 422 520
4 396 842 171292610
7 178 902
7 258 276
1 320 748
7 323 777
6 414 948 824599628
2 4 576
1 337 637
7 224 835
6 153 926 413375988
7 273 673
6 327 923 721813939
7 33 964
2 738 844
7 293 895
7 317 994
1 363 856
7 296 609
7 375 683
2 118 580
3 364 989
6 431 578 34403301
7 979 982
7 334 513
5 321 505 784192339
2 295 733
2 531 717
1 271 970
5 106 856 577608283
7 536 810
4 252 779 626711668
6 439 665 380300656
7 336 958
5 10 459 42934064
2 443 844
7 110 617
7 306 701
4 392 912 657143580
4 335 687 241988326
7 357 776
2 687 881
1 150 810
7 318 528
5 54 997 66169588
6 508 861 939816082
4 414 636 317677443
4 634 845 555587404
5 287 906 436942065
2 135 959
4 42 711 441018964
7 17 908
1 719 979
3 596 785
6 195 524 46863391
2 218 824
7 415 749
1 269 558
2 579 843
5 147 177 122883791
4 388 979 9469012
3 222 739
2 194 415
3 338 585
6 187 565 346132783
2 125 616
3 220 680
2 252 922
1 50 874
2 232 816
7 224 545
4 135 767 488370293
5 134 695 112535823
7 392 517
2 130 674
2 43 110
7 229 620
6 490 768 124030723
7 298 979
2 194 388
2 116 836
4 351 901 99567799
7 30 870
3 468 841
1 108 634
2 196 990
7 263 823
3 182 675
3 373 601
2 19 746
1 186 288
7 81 670
1 379 716
1 68 871
3 118 805
2 259 578
2 62 117
6 182 731 50341720
6 69 824 106421886
5 378 584 217361936
1 23 946
6 218 922 518055721
4 261 791 306600939
7 801 896
1 636 770
6 95 665 86507051
3 195 855
7 211 663
6 875 994 450629194
5 106 671 29477794
3 107 858
5 134 423 451005080
5 346 979 367826451
7 595 950
2 49 895
7 146 558
5 117 943 629046238
2 25 180
3 19 453
5 369 965 903044650
7 189 910
5 196 934 503625499
4 171 629 22064812
7 321 949
2 470 747
6 155 478 454867643
4 23 807 147250334
7 441 911
4 53 796 942766163
1 480 790
5 548 567 209687766
1 342 342
5 174 204 902724316
3 189 964
1 360 801
5 860 893 61295417
5 364 897 980558732
1 416 651
4 203 574 87709582
3 65 840
4 301 751 961908245
6 14 677 15644151
7 697 907
6 315 808 272775924
7 204 899
2 623 871
7 81 736
2 800 878
3 47 767
7 297 844
6 194 477 834225256
6 454 975 199179357
1 507 815
2 897 952
7 20 728
4 61 476 73393960
3 39 879
3 390 738
6 782 873 723249809
3 569 777
2 275 515
7 881 963
7 313 945
1 266 672
3 489 805
2 488 950
1 195 621
4 302 958 791585942
6 200 950 125769345
4 244 489 958243449
7 295 828
1 332 635
2 137 905
5 216 571 469575796
5 383 972 454247214
3 411 868
6 31 923 564746910
5 249 756 923545786
1 377 738
2 133 789
7 212 213
3 42 639
1 214 857
6 122 729 71949516
5 144 516 126791534
1 192 599
7 27 665
2 205 339
2 446 879
1 228 890
2 124 417
1 159 810
1 369 941
2 399 898
5 264 455 242137948
6 58 565 778944819
7 242 683
6 213 740 395931682
4 252 797 476146970
4 3 578 265827649
1 224 724
2 338 947
3 401 625
5 200 715 173071842
4 59 585 506333828
1 443 601
3 91 695
1 109 771
2 207 569
6 235 699 498880493
3 612 993
4 103 588 510762151
6 46 960 600514196
6 95 913 579355906
7 115 668
1 351 857
3 614 995
7 420 817
5 311 901 141013478
1 397 575
2 807 839
1 270 751
2 743 907
7 235 405
6 28 613 995404502
1 114 635
7 447 992
5 23 266 445820530
4 73 536 69394307
1 98 848
5 201 648 254454732
6 345 634 163321057
2 277 742
4 283 806 413382019
3 4 990
6 517 578 647408718
1 31 274
1 210 813
1 186 747
1 239 923
7 364 836
1 66 899
5 344 948 520617217
7 502 909
6 154 710 503336395
3 166 835
7 218 835
7 412 799
1 295 648
3 91 209
5 534 679 289583415
2 720 860
6 270 922 26381839
7 76 451
3 406 755
2 104 950
5 374 569 630077875
4 211 762 791322961
3 781 865
1 248 802
5 19 578 455454598
4 268 709 402583360
7 464 818
1 295 628
5 365 934 434811659
4 274 681 751829898
4 187 591 554839789
6 275 346 67388744
4 721 742 191272567
6 356 837 991820455
5 409 738 214420539
4 248 487 615526393
5 114 151 996937849
4 10 918 508345028
7 469 867
5 205 849 769746410
3 783 857
7 315 488
3 418 844
1 355 694
6 259 928 493571478
1 444 850
3 38 818
7 459 948
7 192 793
5 200 796 908614688
5 314 968 128253464
5 517 520 260272930
6 366 603 99515498
7 445 536
6 406 928 732097003
4 191 987 193517308
4 56 179 644422152
3 682 968
2 100 190
2 34 813
7 595 802
6 486 804 145683631
1 249 633
4 91 537 779078534
5 61 940 913706448
6 427 970 475574942
4 91 612 350031256
5 828 883 628462138
7 175 602
7 328 353
5 376 615 69614929
3 655 957
7 403 714
7 221 735
7 443 843
2 40 718
7 305 672
1 415 890
3 84 676
5 189 893 355426883
1 132 780
5 289 987 56361164
7 328 608
3 558 834
2 120 806
1 237 794
5 26 815 907268837
6 42 896 332860128
6 504 984 166290394
7 436 581
4 28 747 11411137
3 331 843
7 37 761
3 319 617
1 206 588
7 53 565
1 297 475
6 168 990 336792845
7 291 343
5 849 942 692572781
3 276 775
4 419 668 170953306
3 577 603
3 352 800
3 26 972
2 377 995
6 768 827 458448076
1 255 914
2 16 622
6 185 694 56885877
7 792 848
7 309 393
6 299 356 5880488
7 235 270
4 55 809 467543973
3 179 686
4 117 805 389517844
2 261 714
6 349 581 844757766
2 358 809
7 622 661
7 310 333
5 298 688 249746931
4 261 877 191531316
4 122 965 231301925
1 171 925
3 546 574
3 201 635
5 303 610 188436999
2 591 682
3 357 978
6 319 425 250801076
4 333 987 764110745
3 314 606
7 107 691
3 338 707
7 204 961
5 233 550 824599180
6 141 560 696338231
1 140 598
5 211 970 949476133
7 141 649
6 5 668 817049685
4 160 913 466481822
3 74 679
1 367 732
7 157 971
2 410 863
5 440 977 720845583
1 61 903
7 15 671
3 226 833
6 96 954 758139880
6 732 895 155313109
6 280 654 563106723
3 304 938
1 437 678
2 178 433
5 428 654 98161137
7 73 397
7 222 578
6 62 719 909850198
4 373 769 695833862
4 372 944 521951712
5 308 899 348050730
6 54 967 379791319
4 603 768 15804288
2 105 944
5 206 636 73926967
3 144 947
6 133 448 386979031
7 784 866
2 295 964
1 297 820
4 29 508 965493798
3 211 606
1 298 868
7 225 934
4 26 607 652341068
7 32 918
2 446 651
7 589 738
1 612 632
5 50 328 781870386
5 323 937 145483798
7 10 558
7 256 847
4 154 394 106818230
3 410 737
4 658 772 255098789
7 188 781
7 45 995
5 97 156 137193744
6 439 523 816455184
1 593 886
5 58 912 986524106
2 731 832
6 184 683 311012172
4 269 715 256091900
1 607 1000
3 164 641
1 223 739
2 480 627
6 198 992 755647770
6 350 705 342152032
2 433 938
3 31 647
2 342 927
4 271 764 58830265
2 278 788
7 278 786
5 432 610 949932727
7 144 177
1 149 590
4 166 286 650431664
4 331 666 431551551
6 64 767 1592647
1 295 925
3 278 972
4 423 629 437332756
4 23 814 876992104
5 298 892 92677316
1 145 754
6 60 733 945332638
7 272 891
7 348 763
2 383 697
5 828 908 244314351
7 110 639
1 18 599
2 63 88
1 237 700
7 4 742
2 272 947
5 352 729 373087347
4 544 746 467972969
5 242 436 109386155
7 163 814
3 688 709
1 81 441
4 266 318 72363396
6 748 967 285066928
6 363 563 920359008
3 108 682
2 755 790
3 78 114
4 351 904 644813559
7 263 788
1 349 1000
6 363 668 962853530
1 350 934
1 358 717
5 309 634 139062984
5 189 760 867536660
5 246 661 393825233
5 100 587 232587179
7 37 600
1 44 350
1 229 923
3 837 839
1 54 821
7 431 980
5 231 584 262916504
4 150 891 694114734
1 501 701
4 307 794 555120352
6 680 769 886331670
5 249 608 224765799
4 684 768 618626362
6 469 497 330965168
5 91 146 909192982
5 258 621 812988645
7 284 994
7 294 748
6 87 922 854357807
6 174 602 544970474
2 873 880
7 355 951
6 69 243 270982721
5 75 960 834561359
6 204 620 230865876
7 801 801
1 133 170
5 192 978 444414463
2 111 149
1 21 952
5 131 765 90956561
7 278 301
1 350 890
4 247 699 85417190
3 586 970
1 569 641
5 53 337 122720776
1 56 1000
1 105 870
4 129 341 662707929
7 7 709
3 297 695
2 556 755
4 186 868 23091276
5 217 963 254209668
3 706 772
7 371 826
2 325 623
1 500 582
4 35 782 976093532
7 688 788
3 6 661
6 270 733 380331352
1 89 426
3 57 912
5 322 771 474550973
7 237 690
7 115 922
7 92 556
1 1 683
7 215 802
1 743 834
4 253 652 719664906
5 68 812 529658858
7 630 991
5 494 955 815802932
6 205 709 41742068
3 456 896
3 350 645
5 8 761 579055587
3 351 360
2 82 808
7 155 753
2 2 848
6 200 850 39863112
4 96 271 843258372
7 353 902
5 329 565 962785114
7 226 783
3 716 983
5 339 502 454128449
1 234 599
1 232 910
5 369 571 30347768
6 120 816 264806009
6 92 402 193437198
3 259 690
5 85 669 107361637
6 81 970 86275785
5 178 726 563498106
2 189 690
7 715 853
2 264 647
2 361 889
2 13 748
7 357 968
2 190 565
7 387 824
1 164 986
5 557 992 680616869
7 422 451
6 200 680 669561577
6 353 941 207174218
5 88 591 432585690
3 520 668
7 266 806
3 268 582
2 422 945
3 202 262
2 526 646
7 233 658
5 236 591 509043133
7 615 810
5 741 867 306149297
4 96 922 78059678
4 77 770 341223826
2 25 892
2 73 564
6 67 913 296181203
1 405 756
7 263 873
4 251 636 434510837
6 309 689 311180557
2 574 952
5 86 591 648480469
5 323 950 809718730
4 147 676 214881348
6 482 745 868988320
1 324 773
1 638 987
6 721 981 236219153
1 231 569
1 107 792
1 109 567
1 565 881
6 333 731 145785553
7 228 993
6 184 594 895949626
3 323 912
3 451 590
4 392 847 914306432
6 162 688 493720906
7 438 848
6 382 865 242608062
4 192 887 304182235
2 27 648
3 189 900
4 57 605 480559816
3 238 834
5 656 852 26124623
1 468 592
1 647 816
7 317 711
6 694 704 549001760
6 344 879 424011601
7 373 947
3 182 518
1 254 881
2 178 583
6 614 948 222230234
2 142 578
7 230 645
4 24 48 431909828
2 44 358
4 108 746 170649234
1 747 788
5 638 776 106056228
3 309 956
6 356 730 439760510
3 476 724
4 363 480 392989757
3 565 566
3 287 449
3 202 1000
7 200 578
6 207 525 467219327
4 441 922 78343356
5 91 771 135192484
3 123 813
4 624 837 21841701
4 78 789 791288524
2 298 713
7 300 503
3 3 535
1 514 555
2 191 402
5 863 883 120067897
6 150 572 688775220
7 46 427
2 274 842
1 234 921
6 221 909 831710715
5 129 694 518405759
7 289 623
7 295 881
2 129 794
5 789 858 419018044
2 328 993
5 194 933 285431096
7 85 131
4 175 964 878553654
1 322 893
4 414 723 533615429
5 343 905 935112867
2 23 919
7 350 586
1 272 989
2 330 653
1 232 576
5 382 690 181525936
3 268 471
3 14 689
4 15 750 847281827
2 280 293
7 268 469
3 812 993
1 33 58
1 62 178
2 414 416
6 318 881 136147623
3 98 832
2 264 1000
5 318 696 687297009
6 301 546 313234509
4 348 650 473560717
4 592 636 582541581
2 621 815
1 204 895
6 359 779 174958207
6 368 419 389334169
7 119 864
3 617 916
4 88 634 158789109
6 794 1000 845879729
3 115 593
5 173 654 811876209
1 98 720
7 39 178
3 64 121
7 393 969
1 618 700
2 368 671
1 146 897
7 113 683
1 633 812
1 320 644
6 75 781 746157584
1 61 900
5 350 819 755895325
7 375 874
7 140 764
4 143 815 780777553
7 399 892
5 771 775 561160715
5 26 962 195089556
7 126 564
7 20 896
1 610 643
7 498 534
6 197 772 140001175
7 79 887
3 569 605
6 694 907 19324987
1 107 707
2 84 590
5 415 709 751832958
5 287 970 587288619
5 395 613 956658561
5 114 854 237000132
4 14 611 133938572
5 74 849 597478471
2 427 692
7 104 653
6 313 641 534523991
5 60 873 305379666
2 115 768
7 113 777
6 80 785 544840230
2 272 520
4 109 605 225599280
3 89 308
3 188 756
4 168 893 498803486
7 323 760
1 187 601
6 88 729 993480026
1 480 641
2 189 767
7 230 514
5 368 748 27115790
6 90 808 676550483
3 185 926
1 175 616
3 755 921
2 591 900
7 292 754
2 321 633
7 44 162
6 212 442 835957117
1 599 687
3 309 994
2 32 865
5 103 951 117879374
2 763 849
7 24 907
2 739 931
7 44 877
6 72 865 172714028
4 366 594 703983814
2 191 995
5 209 245 404231175
1 311 889
6 197 278 856130735
1 123 953
6 220 952 22713042
2 690 709
7 450 867
4 234 236 392249515
3 12 617
7 723 883
3 329 818
7 196 613
1 344 647
6 381 447 705211497
1 69 551
6 70 459 831622521
7 252 728
4 211 450 39208722
3 104 881
1 307 810
4 410 604 866850907
7 66 800
4 253 779 317654262
6 440 484 65844050
3 747 893
6 129 207 76576431
7 68 864
5 166 941 808524501
6 306 905 859941617
5 235 981 80473304
1 156 961
2 239 750
4 363 597 477333131
1 344 933
3 526 923
7 307 617
7 147 676
3 347 412
7 324 658
2 709 850
1 140 919
4 229 771 71206001
2 365 616
1 404 785
3 236 552
4 198 264 361423135
4 367 908 825481541
5 86 966 796427376
4 248 708 92391868
1 387 996
4 529 536 159656255
3 318 963
6 185 671 493765831
6 348 873 895544950
3 224 641
5 549 568 61359916
3 56 743
2 251 922
1 612 846
3 361 916
7 118 895
4 146 808 97546389
5 282 918 169268147
7 127 758
5 306 762 445112714
4 157 893 89188182
3 93 892
6 515 614 119703274
6 396 684 645309597
5 286 853 243686002
1 504 574
7 85 244
1 359 953
6 479 662 656222166
5 223 915 735436441
2 165 625
6 158 586 436517018
3 297 665
5 314 613 564097519
3 56 599
6 429 694 952141570
1 229 272
4 249 362 342430110
5 104 873 557998874
6 401 571 908451315
3 268 751
7 391 646
3 14 534
7 367 626
5 192 505 342482176
2 251 853
